000105
000061
000019
000104
000043
000026
000011
000094
000116
000048
000039
000007
000070
000032
000040
000074
000127
000027
000041
000083
000097
000069
000086
000084
000042
000036
000099
000140
000025
000110
000060
000038
000016
000114
000063
000089
000076
000090
000077
000017
000068
000037
000073
000088
000029
000058
000035
000126
000064
000051
000100
000139
000095
000132
000135
000049
000062
000112
000024
000002
000131
000107
000072
000014
000141
000001
000109
000031
000067
000045
000020
000034
000113
000121
000079
000003
000093
000012
000085
000056
000133
000098
000053
000080
000130
000006
000125
000122
000137
000115
000047
000055
000005
000092
000136
000023
000138
000120
000101
000119
000124
000004
000015
000118
000008
000106
000046
000091
000030
000044
000057
000010
