frame	PSR
2	9.83627
3	9.385
4	8.87446
5	7.76185
6	7.05296
7	7.25709
8	6.43982
9	5.99234
10	5.85701
11	5.96734
12	5.46474
13	5.80563
14	5.68835
15	4.8856
16	4.58559
17	5.16805
18	5.54538
19	5.87792
20	5.43803
21	5.11309
22	5.12484
23	4.90603
24	4.54364
25	4.81818
26	5.76195
27	4.79858
28	5.3111
29	4.69702
30	4.98408
31	4.85221
32	5.10757
33	5.13093
34	4.81571
35	4.67434
36	4.82461
37	4.91203
38	5.22943
39	4.61829
40	5.051
41	5.09179
42	5.3931
43	5.71012
44	5.81282
45	5.70379
46	5.56155
47	5.41714
48	5.7367
49	5.19727
50	4.88718
51	4.89846
52	4.86534
53	4.77769
54	4.94447
55	5.46058
56	5.4308
57	5.2524
58	5.61548
59	5.45996
60	5.36996
61	5.57426
62	4.80287
63	4.91147
64	5.20583
65	5.10839
66	5.69927
67	5.95864
68	6.26462
69	5.24382
70	4.90892
71	5.44291
72	5.0624
73	5.12796
74	5.09381
75	4.56464
76	4.87052
77	5.95798
78	6.62009
79	5.68383
80	6.15775
81	5.67784
82	5.37065
83	5.27905
84	4.39906
85	4.69403
86	4.22352
87	4.2753
88	4.57155
89	4.63999
90	4.78623
91	5.06764
92	5.12164
93	5.01758
94	4.75865
95	4.33208
96	4.59892
97	4.26773
98	4.0472
99	4.34245
100	4.79024
101	4.81976
102	4.53757
103	4.41013
104	4.85146
105	4.91684
106	4.77169
107	4.49784
108	4.79048
109	4.52605
110	4.79527
111	4.93489
112	4.99366
113	4.97858
114	5.39374
115	5.33054
116	5.47353
117	5.11111
118	5.20059
119	5.25449
120	5.67787
121	5.40527
122	5.541
123	5.26068
124	5.27961
125	5.56609
126	5.5407
127	5.3712
128	5.42711
129	5.66227
130	5.68854
131	5.89874
132	5.93466
133	5.98026
134	5.96095
135	6.28069
136	6.4672
137	6.38506
138	6.14013
139	6.27557
140	6.27492
141	6.41919
142	6.49514
143	6.50246
144	6.1225
145	6.02991
146	5.77948
147	5.74653
148	5.94126
149	6.17165
150	6.3253
151	6.38497
152	6.36314
153	6.17963
154	6.14156
155	5.80332
156	6.43981
157	6.19333
158	6.24263
159	6.43603
160	6.73551
161	6.80195
162	6.87027
163	6.88489
164	6.82523
165	6.52501
166	6.36946
167	6.09658
168	6.04555
169	6.06649
170	6.18987
171	6.13794
172	6.19766
173	6.06469
174	6.20976
175	6.01184
176	5.68874
177	6.10822
178	6.15064
179	6.17771
180	6.17015
181	6.2436
182	6.53908
183	6.55207
184	6.45108
185	6.3278
186	5.95335
187	6.1041
188	6.23062
189	6.29925
190	6.25656
191	6.28179
192	6.29985
193	6.22609
194	6.03057
195	6.17591
196	5.96941
197	5.96957
198	6.17904
199	6.17307
200	6.1473
201	6.08333
202	6.14689
203	6.46417
204	6.57762
205	6.49005
206	6.63921
207	6.59532
208	6.56042
209	6.63769
210	6.64977
211	6.81643
212	6.52644
213	6.73915
214	6.89147
215	6.68954
216	6.72852
217	6.56267
218	6.71598
219	6.61142
220	6.66975
221	6.67411
222	6.6491
223	6.36107
224	6.39206
225	6.45865
226	6.57446
227	6.67233
228	6.83098
229	6.82543
230	6.82025
231	6.80393
232	6.60018
233	6.56921
234	6.49775
235	6.77149
236	6.77446
237	6.65893
238	6.53386
239	6.64873
240	6.80072
241	6.62885
242	6.71993
243	6.71767
244	6.57173
245	6.64561
246	6.80407
247	6.57499
248	6.85728
249	6.49824
250	6.30302
251	6.5848
252	6.19021
253	6.31016
254	6.70323
255	6.67289
256	6.73288
257	6.50516
258	6.35117
259	6.44032
260	6.2604
261	6.32194
262	6.24457
263	6.22689
264	6.47852
265	6.60221
266	6.62434
267	6.54469
268	6.81838
269	6.72661
270	6.79601
271	6.9332
272	6.91581
273	6.59134
274	6.42596
275	6.27844
276	6.15268
277	5.96422
278	5.73356
279	5.66718
280	5.81333
281	5.4675
282	4.97679
283	5.23836
284	5.32564
285	5.56067
286	5.54803
287	5.54189
288	5.43037
289	5.50504
290	5.30681
291	5.52473
292	5.34013
293	5.56693
294	5.53606
295	5.3436
296	5.4566
297	5.45958
298	5.6765
299	5.56043
300	5.37842
301	5.42993
302	5.48266
303	5.53794
304	5.56498
305	5.73231
306	5.91073
307	5.63554
308	5.97459
309	6.08773
310	6.06084
311	6.24694
312	5.98154
313	6.12189
314	6.03944
315	6.01889
316	6.09735
317	5.74135
318	6.0462
319	5.93753
320	6.0457
321	6.0736
322	5.74072
323	6.05752
324	6.18886
325	6.20412
326	6.04348
327	5.98698
328	6.04664
329	6.04159
330	6.0005
331	6.1351
332	6.24201
333	6.48459
334	6.59301
335	6.57244
336	6.64916
337	6.76824
338	6.80344
339	6.9666
340	6.99871
341	6.98901
342	7.0777
343	6.87381
344	6.86717
345	6.89874
346	7.09621
347	7.06621
348	7.06253
349	7.18763
350	7.05227
351	7.07249
352	7.10733
353	6.99758
354	7.04386
355	7.08247
356	7.18623
357	7.12493
358	7.24584
359	7.3801
360	7.38969
361	7.34701
362	7.45111
363	7.55008
364	7.4111
365	7.29286
366	7.21449
367	7.33313
368	7.31314
369	7.35193
370	7.26389
371	7.37634
372	7.44183
373	7.40441
374	7.52457
375	7.4234
376	7.49047
377	7.45352
378	7.53542
379	7.57273
380	7.58324
381	7.59686
382	7.69883
383	7.6567
384	7.86808
385	7.7381
386	7.77145
387	7.84849
388	7.78665
389	7.81517
390	7.94071
391	7.81844
392	7.85607
393	7.77837
394	7.76133
395	7.8383
396	7.84664
397	7.80531
398	7.86432
399	7.89128
400	7.74578
401	7.7181
402	7.89298
403	7.84994
404	7.82745
405	7.82531
406	7.99782
407	7.89108
408	7.96843
409	7.88201
410	7.93614
411	8.08739
412	8.05107
413	7.70781
414	7.92019
415	7.83634
416	7.74582
417	7.50698
418	7.55914
419	7.83743
420	7.89035
421	7.99367
422	7.9984
423	7.75902
424	7.74977
425	7.73903
426	7.80602
427	7.92431
428	7.63784
429	7.86135
430	7.95279
431	7.86595
432	7.8067
433	7.97587
434	7.75195
435	7.67605
436	7.7015
437	7.59377
438	7.86044
439	7.73876
440	7.8372
441	7.63085
442	7.58441
443	7.56736
444	7.50839
445	7.19936
446	6.98983
447	7.38253
448	6.9341
449	7.07569
450	7.09356
451	7.00483
452	7.16409
453	7.00499
454	7.44435
455	7.48064
456	7.25818
457	7.01032
458	6.9705
459	6.84324
460	6.87063
461	6.80246
462	6.91613
463	6.38239
464	6.70618
465	6.69733
466	6.7114
467	6.8275
468	7.06898
469	6.90054
470	6.6485
471	6.20016
472	6.19572
473	6.37213
474	5.97551
475	5.64804
476	5.64888
477	5.57418
478	6.05834
479	6.24528
480	6.49449
481	7.35468
482	7.04382
483	7.13331
484	7.1897
485	7.05366
486	7.03651
487	6.96726
488	6.98488
489	7.10352
490	7.24666
491	7.2932
492	7.17121
493	6.99001
494	6.93064
495	6.9826
496	6.88683
497	6.92534
498	7.13739
499	7.00056
500	7.01331
501	6.92203
502	6.88722
503	7.04256
504	6.83334
505	6.78063
506	6.66417
507	6.51223
508	6.58402
509	6.44565
510	6.32685
511	6.33886
512	6.44169
513	6.13204
514	6.19208
515	5.9028
516	5.52131
517	5.29388
518	5.23857
519	5.0816
520	5.46287
521	5.54618
522	5.71177
523	5.47164
524	5.66365
525	5.82399
526	5.76248
527	5.91871
528	6.07932
529	6.18879
530	6.27443
531	6.56838
532	6.43446
533	6.37491
534	6.28924
535	6.50008
536	6.61009
537	6.4684
538	6.28465
539	6.68612
540	6.63675
541	6.49218
542	6.68104
543	6.60074
544	6.35569
545	6.06878
546	5.78761
547	6.02587
548	6.07667
549	6.28847
550	6.57379
551	6.8112
552	6.5572
553	6.93142
554	6.39792
555	6.49728
556	6.46404
557	6.10869
558	6.21322
559	6.12029
560	6.20359
561	6.09941
562	5.9571
563	5.59606
564	6.21481
565	6.59985
566	6.44081
567	6.43356
568	6.3997
569	6.4805
570	6.48731
571	6.25353
572	6.25198
573	6.20044
574	6.19941
575	6.18761
576	5.65976
577	5.5832
578	5.73646
579	5.99176
580	5.63216
581	5.8229
582	5.90875
583	5.62559
584	5.47863
585	5.22828
586	5.35431
587	5.32012
588	5.64153
589	5.81553
590	5.90057
591	6.08326
592	5.63219
593	5.92095
594	5.42928
595	5.48426
596	5.52762
597	5.75654
598	5.97791
599	6.05989
600	5.98776
601	6.01706
602	6.03788
603	6.04882
604	5.98547
605	5.96534
606	5.54498
607	6.01508
608	6.0894
609	6.06807
610	5.7086
611	6.01773
612	5.82914
613	6.12851
614	5.98484
615	6.1229
616	5.97891
617	6.21975
618	6.06586
619	6.09703
620	6.0144
621	5.74835
622	5.5529
623	5.50935
624	5.4253
625	5.44495
626	5.15849
627	5.31875
628	5.22383
629	5.52402
630	5.56351
631	5.83547
632	5.98023
633	5.79422
634	5.81758
635	5.92896
636	5.69819
637	5.91973
638	5.88241
639	5.8703
640	6.07593
641	5.82342
642	6.12085
643	6.05778
644	6.09936
645	6.02292
646	6.03594
647	6.08854
648	6.08417
649	6.02782
650	5.78855
651	6.0526
652	6.04314
653	6.06518
654	5.90848
655	5.95772
656	6.02024
657	5.81803
658	5.74783
659	5.18445
660	5.82112
661	5.5699
662	5.44474
663	5.48855
664	5.27475
665	5.34844
666	4.98729
667	5.13364
668	5.44781
669	5.41461
670	5.15024
671	5.0734
672	5.22437
673	5.15762
674	5.02067
675	4.77607
676	4.37496
677	5.15617
678	5.60438
679	5.77599
680	5.83042
681	5.94152
682	6.20718
683	6.47271
684	6.51093
685	6.82683
686	6.96127
687	7.02082
688	7.05225
689	6.95708
690	6.98377
691	6.78131
692	6.91534
693	6.65532
694	6.57752
695	6.60441
696	6.77942
697	6.7601
698	6.73113
699	6.76176
700	6.78785
701	6.97491
702	6.88557
703	7.00578
704	7.08856
705	7.12804
706	7.33704
707	7.23003
708	7.33899
709	7.06916
710	7.28095
711	7.41798
712	7.43926
713	7.48367
714	7.36349
715	7.49311
716	7.44843
717	7.30816
718	7.02953
719	6.93023
720	6.91001
721	6.94481
722	6.83226
723	6.66562
724	6.57355
