frame	x	y	width	height
2	186	209	48	110
3	185	210	48	110
4	183	208	50	115
5	182	210	48	110
6	181	210	48	110
7	180	209	48	110
8	181	209	48	110
9	181	207	48	110
10	182	208	48	110
11	182	208	48	110
12	183	207	48	110
13	185	206	48	110
14	187	209	48	110
15	189	213	48	110
16	189	210	48	110
17	191	213	46	105
18	193	210	46	105
19	194	209	46	105
20	202	199	46	105
21	203	201	46	105
22	206	203	46	105
23	209	205	46	105
24	212	207	46	105
25	219	201	46	105
26	220	202	46	105
27	225	202	46	105
28	227	201	48	110
29	233	198	48	110
30	239	198	48	110
31	242	198	48	110
32	245	196	48	110
33	247	194	48	110
34	251	194	48	110
35	255	194	48	110
36	258	194	48	110
37	256	213	48	110
38	257	221	48	110
39	261	225	48	110
40	263	229	48	110
41	266	232	48	110
42	269	236	46	105
43	272	237	46	105
44	274	236	46	105
45	274	232	48	110
46	275	229	48	110
47	276	229	48	110
48	276	225	50	115
49	277	225	50	115
50	276	225	48	110
51	275	221	48	110
52	273	219	48	110
53	271	217	48	110
54	271	219	48	110
55	269	218	48	110
56	268	217	48	110
57	267	217	50	115
58	266	218	50	115
59	266	221	50	115
60	263	222	50	115
61	261	222	53	121
62	260	226	50	115
63	259	229	50	115
64	256	229	50	115
65	253	232	50	115
66	249	232	50	115
67	244	232	50	115
68	241	233	50	115
69	236	234	50	115
70	232	237	50	115
71	233	240	48	110
72	228	239	48	110
73	220	234	48	110
74	213	237	46	105
75	206	236	46	105
76	198	235	46	105
77	188	234	46	105
78	179	234	46	105
79	174	237	46	105
80	171	241	46	105
81	171	240	46	105
82	167	240	46	105
83	161	239	46	105
84	155	239	46	105
85	148	241	46	105
86	146	234	46	105
87	142	232	46	105
88	138	232	46	105
89	131	233	46	105
90	128	236	46	105
91	126	237	48	110
92	125	237	48	110
93	123	239	48	110
94	120	239	48	110
95	117	238	50	115
96	112	236	53	121
97	109	234	53	121
98	110	210	53	121
99	108	206	53	121
100	107	205	53	121
101	108	204	53	121
102	111	203	53	121
103	112	200	56	127
104	115	201	56	127
105	116	199	56	127
106	117	193	56	127
107	119	190	56	127
108	121	188	56	127
109	124	188	56	127
110	126	189	56	127
111	129	185	58	134
112	131	182	58	134
113	131	177	61	140
114	134	173	61	140
115	136	168	61	140
116	138	164	61	140
117	142	161	61	140
118	146	160	61	140
119	150	161	61	140
120	154	162	61	140
121	158	163	61	140
122	162	160	64	147
123	167	158	64	147
124	170	159	64	147
125	172	159	64	147
126	174	158	64	147
127	177	155	64	147
128	181	156	61	140
129	184	156	61	140
130	187	160	58	134
131	190	159	58	134
132	193	158	58	134
133	196	159	58	134
134	197	157	58	134
135	198	155	58	134
136	198	150	61	140
137	198	148	61	140
138	200	146	61	140
139	201	145	61	140
140	204	148	58	134
141	205	149	58	134
142	206	150	58	134
143	208	149	58	134
144	210	148	58	134
145	211	148	58	134
146	214	148	58	134
147	217	146	58	134
148	218	145	58	134
149	219	144	58	134
150	221	144	58	134
151	223	145	58	134
152	224	146	58	134
153	225	146	58	134
154	225	143	61	140
155	228	146	58	134
156	229	146	58	134
157	231	144	58	134
158	233	142	58	134
159	237	144	56	127
160	239	144	56	127
161	239	142	58	134
162	240	142	58	134
163	242	142	58	134
164	244	142	58	134
165	247	143	58	134
166	250	142	58	134
167	253	142	58	134
168	257	143	58	134
169	259	143	58	134
170	259	142	61	140
171	260	142	61	140
172	262	143	61	140
173	265	143	61	140
174	265	143	61	140
175	266	144	61	140
176	267	142	61	140
177	268	140	61	140
178	269	138	61	140
179	269	138	61	140
180	268	138	61	140
181	268	138	61	140
182	268	138	61	140
183	269	138	61	140
184	269	138	61	140
185	269	139	61	140
186	270	141	61	140
187	271	140	61	140
188	271	142	61	140
189	271	141	61	140
190	271	141	61	140
191	271	140	61	140
192	270	142	61	140
193	270	142	61	140
194	271	145	61	140
195	271	145	61	140
196	272	145	61	140
197	272	148	58	134
198	271	148	58	134
199	271	149	58	134
200	271	150	58	134
201	271	150	58	134
202	272	149	58	134
203	273	149	58	134
204	273	149	58	134
205	274	149	58	134
206	274	150	58	134
207	273	148	61	140
208	274	148	61	140
209	275	149	61	140
210	275	149	61	140
211	274	149	61	140
212	273	148	61	140
213	272	149	61	140
214	270	146	64	147
215	270	148	64	147
216	269	148	64	147
217	270	148	64	147
218	270	149	64	147
219	269	149	64	147
220	269	151	64	147
221	268	152	64	147
222	268	152	64	147
223	268	153	64	147
224	266	153	64	147
225	264	149	68	155
226	262	150	68	155
227	260	152	68	155
228	260	151	68	155
229	258	152	68	155
230	255	149	71	163
231	253	150	71	163
232	251	150	71	163
233	249	149	71	163
234	247	149	71	163
235	246	150	71	163
236	244	151	71	163
237	240	147	74	171
238	238	149	74	171
239	236	148	74	171
240	234	149	74	171
241	232	151	74	171
242	229	151	74	171
243	226	152	74	171
244	223	154	74	171
245	221	154	74	171
246	219	156	74	171
247	214	153	78	179
248	212	153	78	179
249	210	154	78	179
250	209	153	78	179
251	208	153	78	179
252	207	151	78	179
253	205	149	78	179
254	203	148	78	179
255	202	149	78	179
256	200	149	78	179
257	199	151	78	179
258	195	147	82	188
259	192	148	82	188
260	187	144	86	198
261	186	144	86	198
262	184	144	86	198
263	183	143	86	198
264	181	142	86	198
265	178	138	91	207
266	178	137	91	207
267	177	137	91	207
268	176	135	91	207
269	172	131	95	218
270	172	132	95	218
271	173	136	91	207
272	175	138	91	207
273	174	134	91	207
274	174	135	91	207
275	174	137	91	207
276	173	139	91	207
277	173	138	91	207
278	172	138	91	207
279	173	137	91	207
280	172	138	91	207
281	170	137	91	207
282	172	138	91	207
283	169	126	95	218
284	170	123	95	218
285	167	115	100	229
286	169	116	100	229
287	171	116	100	229
288	173	116	100	229
289	175	117	100	229
290	177	115	100	229
291	178	114	100	229
292	179	112	100	229
293	179	109	105	240
294	180	109	105	240
295	183	110	105	240
296	183	110	105	240
297	184	110	105	240
298	183	109	105	240
299	182	102	110	252
300	183	102	110	252
301	185	102	110	252
302	186	102	110	252
303	188	102	110	252
304	191	101	110	252
305	194	102	110	252
306	195	95	116	265
307	198	102	110	252
308	199	101	110	252
309	200	101	110	252
310	201	103	110	252
311	202	103	110	252
312	204	102	110	252
313	205	100	110	252
314	206	101	110	252
315	207	100	110	252
316	209	101	110	252
317	213	107	105	240
318	214	107	105	240
319	215	109	105	240
320	217	109	105	240
321	218	108	105	240
322	220	113	100	229
323	218	107	105	240
324	219	109	105	240
325	219	108	105	240
326	219	109	105	240
327	220	111	105	240
328	221	110	105	240
329	221	110	105	240
330	221	110	105	240
331	222	112	105	240
332	222	114	105	240
333	222	115	105	240
334	223	116	105	240
335	224	117	105	240
336	225	119	105	240
337	225	120	105	240
338	226	120	105	240
339	226	120	105	240
340	228	121	105	240
341	227	121	105	240
342	225	117	110	252
343	225	118	110	252
344	226	120	110	252
345	229	125	105	240
346	231	124	105	240
347	231	127	105	240
348	232	127	105	240
349	232	127	105	240
350	234	127	105	240
351	234	128	105	240
352	235	128	105	240
353	235	127	105	240
354	236	127	105	240
355	236	127	105	240
356	236	128	105	240
357	236	128	105	240
358	236	128	105	240
359	236	129	105	240
360	237	130	105	240
361	238	131	105	240
362	238	131	105	240
363	238	131	105	240
364	238	131	105	240
365	239	132	105	240
366	239	132	105	240
367	240	132	105	240
368	239	132	105	240
369	239	132	105	240
370	239	133	105	240
371	239	133	105	240
372	240	134	105	240
373	240	134	105	240
374	242	134	105	240
375	242	135	105	240
376	243	135	105	240
377	244	134	105	240
378	245	134	105	240
379	245	135	105	240
380	245	135	105	240
381	247	135	105	240
382	247	134	105	240
383	247	136	105	240
384	248	136	105	240
385	249	136	105	240
386	250	136	105	240
387	251	137	105	240
388	250	137	105	240
389	251	138	105	240
390	251	138	105	240
391	253	138	105	240
392	253	139	105	240
393	253	139	105	240
394	254	139	105	240
395	255	138	105	240
396	256	138	105	240
397	257	138	105	240
398	258	138	105	240
399	259	139	105	240
400	260	139	105	240
401	261	139	105	240
402	262	139	105	240
403	263	138	105	240
404	264	139	105	240
405	265	139	105	240
406	265	140	105	240
407	266	140	105	240
408	266	140	105	240
409	266	140	105	240
410	268	140	105	240
411	268	141	105	240
412	267	141	105	240
413	269	141	105	240
414	270	140	105	240
415	271	140	105	240
416	271	140	105	240
417	272	139	105	240
418	274	139	105	240
419	275	140	105	240
420	276	140	105	240
421	276	140	105	240
422	277	140	105	240
423	277	141	105	240
424	278	141	105	240
425	278	141	105	240
426	279	142	105	240
427	279	141	105	240
428	281	142	105	240
429	282	142	105	240
430	283	142	105	240
431	284	142	105	240
432	285	141	105	240
433	285	140	105	240
434	286	141	105	240
435	286	141	105	240
436	288	141	105	240
437	289	142	105	240
438	292	147	100	229
439	292	147	100	229
440	293	147	100	229
441	293	148	100	229
442	293	148	100	229
443	294	149	100	229
444	294	147	100	229
445	296	149	100	229
446	296	149	100	229
447	293	144	105	240
448	293	144	105	240
449	292	144	105	240
450	291	143	105	240
451	290	143	105	240
452	288	144	105	240
453	288	150	100	229
454	287	151	100	229
455	287	152	100	229
456	286	152	100	229
457	284	154	100	229
458	281	153	100	229
459	278	153	100	229
460	276	153	100	229
461	272	152	100	229
462	269	145	105	240
463	266	145	105	240
464	262	145	105	240
465	262	149	105	240
466	261	153	100	229
467	259	152	100	229
468	258	156	100	229
469	259	155	100	229
470	259	146	105	240
471	260	146	105	240
472	262	146	105	240
473	265	146	105	240
474	268	144	105	240
475	264	146	105	240
476	255	138	110	252
477	248	141	110	252
478	242	141	110	252
479	240	147	105	240
480	237	156	100	229
481	232	150	105	240
482	230	150	105	240
483	228	151	105	240
484	225	151	105	240
485	224	151	105	240
486	224	157	100	229
487	222	156	100	229
488	220	155	100	229
489	216	155	100	229
490	214	157	100	229
491	213	162	95	218
492	208	162	95	218
493	204	162	95	218
494	197	161	95	218
495	191	161	95	218
496	186	160	95	218
497	180	160	95	218
498	175	160	95	218
499	169	161	95	218
500	164	160	95	218
501	159	161	95	218
502	152	160	95	218
503	148	160	95	218
504	143	161	95	218
505	136	161	95	218
506	131	161	95	218
507	123	160	95	218
508	118	160	95	218
509	111	160	95	218
510	106	160	95	218
511	101	159	95	218
512	98	162	91	207
513	91	159	91	207
514	89	160	91	207
515	86	159	91	207
516	83	158	91	207
517	82	164	86	198
518	77	164	86	198
519	75	166	86	198
520	74	168	86	198
521	71	172	86	198
522	66	174	86	198
523	61	174	86	198
524	55	175	86	198
525	48	173	86	198
526	41	172	86	198
527	35	174	86	198
528	30	174	86	198
529	25	173	86	198
530	22	173	86	198
531	18	172	86	198
532	14	172	86	198
533	9	174	86	198
534	4	173	86	198
535	-1	172	86	198
536	-5	170	86	198
537	-7	170	86	198
538	-12	169	86	198
539	-13	169	86	198
540	-13	170	86	198
541	-14	172	86	198
542	-16	173	86	198
543	-17	172	86	198
544	-19	171	86	198
545	-20	170	86	198
546	-23	168	86	198
547	-23	168	86	198
548	-24	167	86	198
549	-23	171	82	188
550	-24	170	82	188
551	-24	170	82	188
552	-25	168	82	188
553	-26	163	86	198
554	-26	163	86	198
555	-26	163	86	198
556	-27	161	86	198
557	-28	161	86	198
558	-29	160	86	198
559	-29	159	86	198
560	-30	158	86	198
561	-30	156	86	198
562	-30	154	86	198
563	-30	154	86	198
564	-29	155	86	198
565	-30	154	86	198
566	-30	153	86	198
567	-30	151	86	198
568	-29	151	86	198
569	-29	151	86	198
570	-28	151	86	198
571	-27	150	86	198
572	-25	152	86	198
573	-23	153	86	198
574	-21	151	86	198
575	-19	150	86	198
576	-14	150	86	198
577	-8	150	86	198
578	0	147	86	198
579	6	147	86	198
580	12	147	86	198
581	19	144	86	198
582	21	139	91	207
583	23	134	95	218
584	27	136	95	218
585	36	135	95	218
586	41	133	95	218
587	50	132	95	218
588	56	133	95	218
589	63	133	95	218
590	71	132	95	218
591	74	126	100	229
592	79	127	100	229
593	83	123	105	240
594	91	125	105	240
595	98	125	105	240
596	107	124	105	240
597	115	126	105	240
598	122	126	105	240
599	128	125	105	240
600	133	127	105	240
601	142	125	105	240
602	148	125	105	240
603	153	126	105	240
604	159	125	105	240
605	162	121	110	252
606	167	122	110	252
607	172	124	110	252
608	174	126	110	252
609	176	127	110	252
610	175	126	110	252
611	177	128	110	252
612	178	126	110	252
613	178	128	110	252
614	178	126	110	252
615	177	127	110	252
616	178	127	110	252
617	179	126	110	252
618	178	127	110	252
619	179	126	110	252
620	178	126	110	252
621	178	126	110	252
622	180	125	110	252
623	181	126	110	252
624	183	118	116	265
625	182	111	121	278
626	196	117	116	265
627	204	120	116	265
628	214	120	116	265
629	220	123	116	265
630	228	130	110	252
631	233	133	110	252
632	236	133	110	252
633	241	135	110	252
634	244	134	110	252
635	248	135	110	252
636	251	135	110	252
637	253	136	110	252
638	254	136	110	252
639	257	134	110	252
640	262	135	110	252
641	265	134	110	252
642	265	136	110	252
643	269	135	110	252
644	271	130	116	265
645	274	129	116	265
646	277	129	116	265
647	277	133	116	265
648	282	131	116	265
649	284	134	116	265
650	289	137	116	265
651	291	138	116	265
652	293	141	116	265
653	297	148	110	252
654	299	150	110	252
655	302	152	110	252
656	303	155	110	252
657	303	157	110	252
658	304	159	110	252
659	310	165	105	240
660	311	167	105	240
661	317	173	100	229
662	320	174	100	229
663	323	178	100	229
664	325	184	100	229
665	329	183	100	229
666	331	186	100	229
667	331	187	100	229
668	333	190	100	229
669	334	195	100	229
670	338	195	100	229
671	342	198	100	229
672	342	200	100	229
673	348	206	95	218
674	352	207	95	218
675	360	208	95	218
676	377	218	91	207
677	385	219	91	207
678	388	223	91	207
679	390	219	95	218
680	394	220	95	218
681	397	220	95	218
682	401	224	91	207
683	402	222	91	207
684	403	221	91	207
685	405	220	91	207
686	406	221	91	207
687	408	221	91	207
688	409	222	91	207
689	411	221	91	207
690	411	222	91	207
691	414	227	86	198
692	416	232	82	188
693	417	230	82	188
694	419	229	82	188
695	417	227	86	198
696	417	228	86	198
697	418	230	86	198
698	418	225	91	207
699	420	228	91	207
700	422	225	91	207
701	424	227	91	207
702	425	228	91	207
703	427	228	91	207
704	430	229	91	207
705	432	229	91	207
706	432	225	95	218
707	435	226	95	218
708	437	227	95	218
709	440	227	95	218
710	443	228	95	218
711	445	228	95	218
712	448	229	95	218
713	451	229	95	218
714	456	230	95	218
715	459	230	95	218
716	463	230	95	218
717	463	226	100	229
718	465	227	100	229
719	469	227	100	229
720	471	227	100	229
721	473	227	100	229
722	473	228	100	229
723	476	228	100	229
724	477	228	100	229
