frame	x	y	width	height
2	441	380	93	54
3	440	380	98	57
4	439	378	103	60
5	439	378	103	60
6	440	377	103	60
7	441	378	103	60
8	444	378	103	60
9	445	378	103	60
10	446	379	103	60
11	448	378	103	60
12	452	378	103	60
13	456	378	103	60
14	465	379	98	57
15	467	379	98	57
16	477	379	93	54
17	483	379	93	54
18	484	379	93	54
19	488	379	93	54
20	486	378	98	57
21	487	378	98	57
22	489	378	98	57
23	488	376	103	60
24	488	377	103	60
25	490	377	103	60
26	492	377	103	60
27	498	378	98	57
28	502	379	98	57
29	504	379	98	57
30	509	379	98	57
31	510	378	98	57
32	514	377	98	57
33	515	377	98	57
34	518	377	93	54
35	519	377	93	54
36	520	377	93	54
37	524	379	89	51
38	524	379	89	51
39	524	379	89	51
40	525	378	89	51
41	528	380	84	49
42	528	380	84	49
43	529	381	84	49
44	530	381	84	49
45	530	381	84	49
46	531	381	84	49
47	532	381	84	49
48	532	381	84	49
49	532	382	84	49
50	532	381	84	49
51	534	381	84	49
52	535	381	84	49
53	536	381	84	49
54	537	381	84	49
55	537	381	84	49
56	537	381	84	49
57	537	381	84	49
58	537	381	84	49
59	537	381	84	49
60	538	381	84	49
61	539	382	80	47
62	537	382	80	47
63	534	381	80	47
64	534	381	80	47
65	532	382	80	47
66	532	383	80	47
67	531	384	80	47
68	530	384	80	47
69	529	384	80	47
70	528	384	80	47
71	526	384	80	47
72	522	383	84	49
73	516	384	84	49
74	518	385	80	47
75	514	386	80	47
76	513	387	80	47
77	511	386	80	47
78	510	385	80	47
79	508	385	80	47
80	506	385	80	47
81	506	384	80	47
82	504	385	80	47
83	503	384	80	47
84	502	384	80	47
85	501	383	80	47
86	499	384	80	47
87	499	383	80	47
88	499	383	77	44
89	498	383	77	44
90	497	383	77	44
91	497	383	77	44
92	496	382	77	44
93	495	382	77	44
94	496	383	77	44
95	495	383	77	44
96	496	383	77	44
97	497	383	77	44
98	497	383	77	44
99	497	384	77	44
100	499	384	77	44
101	499	383	77	44
102	500	384	77	44
103	500	384	77	44
104	501	383	77	44
105	500	383	77	44
106	501	383	77	44
107	500	384	77	44
108	500	383	77	44
109	500	383	77	44
110	499	383	77	44
111	499	383	77	44
112	499	383	77	44
113	500	383	77	44
114	501	384	77	44
115	502	384	77	44
116	502	384	77	44
117	502	384	80	47
118	504	384	80	47
119	505	385	80	47
120	507	385	80	47
121	509	384	80	47
122	512	385	80	47
123	515	384	80	47
124	516	383	80	47
125	516	383	80	47
126	517	382	80	47
127	518	382	80	47
128	518	382	80	47
129	517	382	80	47
130	515	382	80	47
131	512	383	80	47
132	508	383	84	49
133	507	383	84	49
134	506	384	84	49
135	505	384	84	49
136	504	384	84	49
137	503	383	84	49
138	502	382	84	49
139	501	383	84	49
140	500	383	84	49
141	499	383	84	49
142	498	383	84	49
143	498	382	84	49
144	498	382	84	49
145	497	383	84	49
146	499	384	80	47
147	498	384	80	47
148	498	384	80	47
149	498	383	80	47
150	498	383	80	47
151	498	384	80	47
152	497	384	80	47
153	497	384	80	47
154	498	384	80	47
155	498	385	80	47
156	499	385	80	47
157	499	386	80	47
158	500	385	80	47
159	501	385	80	47
160	501	385	80	47
161	502	385	80	47
162	503	385	80	47
163	504	385	80	47
164	505	385	80	47
165	505	385	80	47
166	507	385	80	47
167	509	385	80	47
168	511	385	80	47
169	516	385	80	47
170	517	385	80	47
171	522	385	80	47
172	524	386	80	47
173	526	387	80	47
174	530	387	80	47
175	531	386	80	47
176	534	386	80	47
177	535	386	80	47
178	536	385	80	47
179	537	384	80	47
180	537	384	80	47
181	538	383	80	47
182	538	383	80	47
183	538	383	80	47
184	538	383	80	47
185	537	383	80	47
186	538	383	80	47
187	539	383	80	47
188	540	383	80	47
189	542	383	80	47
190	542	383	80	47
191	545	383	80	47
192	549	383	80	47
193	550	383	80	47
194	552	383	80	47
195	551	381	84	49
196	554	380	84	49
197	556	380	84	49
198	556	380	84	49
199	558	379	84	49
200	559	379	84	49
201	560	379	84	49
202	561	379	84	49
203	561	379	84	49
204	562	378	84	49
205	562	379	84	49
206	563	379	84	49
207	564	380	84	49
208	564	380	84	49
209	566	379	84	49
210	567	379	84	49
211	568	379	84	49
212	569	378	84	49
213	570	377	84	49
214	571	378	84	49
215	571	377	84	49
216	570	376	89	51
217	570	376	89	51
218	570	376	89	51
219	571	376	89	51
220	571	376	89	51
221	571	376	89	51
222	571	376	89	51
223	572	375	89	51
224	572	375	89	51
225	572	375	89	51
226	572	375	89	51
227	572	375	89	51
228	573	376	89	51
229	572	375	89	51
230	573	375	89	51
231	573	375	89	51
232	573	375	89	51
233	573	375	89	51
234	573	375	89	51
235	573	376	89	51
236	574	375	89	51
237	574	375	89	51
238	574	375	89	51
239	574	375	89	51
240	574	375	89	51
241	574	376	89	51
242	573	375	89	51
243	574	375	89	51
244	574	375	89	51
245	574	375	89	51
246	574	375	89	51
247	574	375	89	51
248	574	375	89	51
249	575	375	89	51
250	575	375	89	51
251	575	375	89	51
252	574	374	89	51
253	575	375	89	51
254	574	374	89	51
255	574	374	89	51
256	575	374	89	51
257	575	375	89	51
258	574	374	89	51
259	575	374	89	51
260	574	374	89	51
261	574	374	89	51
262	574	374	89	51
263	575	374	89	51
264	574	374	89	51
265	575	375	89	51
266	574	375	89	51
267	574	374	89	51
268	574	374	89	51
269	574	375	89	51
270	574	374	89	51
271	574	374	89	51
272	574	374	89	51
273	574	374	89	51
274	574	375	89	51
275	574	375	89	51
276	574	375	89	51
277	574	375	89	51
278	574	374	89	51
279	575	374	89	51
280	574	374	89	51
281	575	374	89	51
282	575	375	89	51
283	575	374	89	51
284	575	375	89	51
285	574	374	89	51
286	575	375	89	51
287	575	374	89	51
288	575	374	89	51
289	575	375	89	51
290	575	374	89	51
291	575	374	89	51
292	575	375	89	51
293	575	374	89	51
294	575	374	89	51
295	575	374	89	51
296	575	374	89	51
297	574	374	89	51
298	573	373	89	51
299	573	373	89	51
300	573	373	89	51
301	572	373	89	51
302	573	373	89	51
303	573	373	89	51
304	573	373	89	51
305	574	373	89	51
306	574	373	89	51
307	574	373	89	51
308	573	373	89	51
309	574	373	89	51
310	574	373	89	51
311	573	373	89	51
312	573	374	89	51
313	573	373	89	51
314	573	373	89	51
315	573	373	89	51
316	573	373	89	51
317	574	373	89	51
318	573	373	89	51
319	574	374	89	51
320	574	373	89	51
321	573	373	89	51
322	573	373	89	51
323	572	373	89	51
324	572	374	89	51
325	571	373	89	51
326	570	373	89	51
327	569	373	89	51
328	569	373	89	51
329	568	374	89	51
330	567	374	89	51
331	567	374	89	51
332	566	374	89	51
333	565	374	89	51
334	565	374	89	51
335	564	374	89	51
336	563	374	89	51
337	562	374	89	51
338	563	374	89	51
339	562	373	89	51
340	561	373	89	51
341	560	373	89	51
342	559	373	89	51
343	560	373	89	51
344	559	373	89	51
345	559	373	89	51
346	559	373	89	51
347	559	373	89	51
348	559	373	89	51
349	559	374	89	51
350	562	378	89	51
351	566	381	89	51
352	571	387	89	51
353	578	394	89	51
354	580	399	89	51
355	586	405	89	51
356	590	410	89	51
357	596	417	89	51
358	605	426	89	51
359	609	434	89	51
360	617	443	89	51
361	622	448	89	51
362	631	457	93	54
363	642	468	93	54
364	646	476	98	57
365	650	483	98	57
366	651	484	98	57
367	651	485	98	57
368	651	484	98	57
369	651	485	98	57
370	650	484	98	57
371	650	484	98	57
372	650	485	98	57
373	646	484	103	60
374	645	484	103	60
375	643	483	108	63
376	643	482	108	63
377	642	483	108	63
378	640	483	108	63
379	641	483	108	63
380	640	483	108	63
381	640	483	108	63
382	640	483	108	63
383	639	482	108	63
384	639	482	108	63
385	639	482	108	63
386	639	482	108	63
387	640	482	108	63
388	644	483	103	60
389	644	483	103	60
390	644	482	103	60
391	644	481	103	60
392	643	481	103	60
393	643	481	103	60
394	642	481	103	60
395	642	481	103	60
396	641	480	103	60
397	640	480	103	60
398	637	478	108	63
399	636	478	108	63
400	636	478	108	63
401	635	478	108	63
402	635	477	108	63
403	635	477	108	63
404	635	477	108	63
405	634	478	108	63
406	634	479	108	63
407	634	479	108	63
408	628	472	103	60
409	621	464	103	60
410	611	454	103	60
411	607	448	103	60
412	597	439	103	60
413	587	429	103	60
414	582	422	103	60
415	574	414	103	60
416	571	411	98	57
417	564	403	98	57
418	553	399	98	57
419	529	407	103	60
420	518	406	108	63
421	511	401	113	66
422	507	400	119	69
423	503	397	125	72
424	503	397	125	72
425	503	398	125	72
426	503	398	125	72
427	503	397	125	72
428	500	395	131	76
429	494	393	137	80
430	495	394	137	80
431	493	394	137	80
432	493	394	137	80
433	492	394	137	80
434	492	394	137	80
435	492	395	137	80
436	493	395	137	80
437	491	395	137	80
438	491	395	137	80
439	493	395	137	80
440	492	395	137	80
441	491	395	137	80
442	493	396	137	80
443	494	395	137	80
444	495	395	137	80
445	495	395	137	80
446	495	395	137	80
447	496	395	137	80
448	498	395	137	80
449	500	395	137	80
450	503	394	137	80
451	500	391	144	84
452	502	391	144	84
453	504	391	144	84
454	505	390	144	84
455	506	390	144	84
456	506	390	144	84
457	508	390	144	84
458	509	390	144	84
459	510	391	144	84
460	509	390	144	84
461	509	389	144	84
462	511	389	144	84
463	511	389	144	84
464	511	389	144	84
465	510	389	144	84
466	511	389	144	84
467	511	390	144	84
468	511	390	144	84
469	512	390	144	84
470	512	390	144	84
471	512	391	144	84
472	512	391	144	84
473	512	392	144	84
474	513	392	144	84
475	514	392	144	84
476	514	392	144	84
477	514	392	144	84
478	515	393	144	84
479	515	392	144	84
480	516	392	144	84
481	516	392	144	84
482	516	392	144	84
483	517	392	144	84
484	518	392	144	84
485	519	392	144	84
486	519	392	144	84
487	519	393	144	84
488	521	392	144	84
489	521	393	144	84
490	522	393	144	84
491	522	393	144	84
492	522	394	144	84
493	523	393	144	84
494	523	393	144	84
495	528	395	137	80
496	528	395	137	80
497	528	395	137	80
498	529	396	137	80
499	529	396	137	80
500	529	396	137	80
501	529	396	137	80
502	529	396	137	80
503	528	397	137	80
504	528	396	137	80
505	528	397	137	80
506	527	397	137	80
507	527	397	137	80
508	526	397	137	80
509	527	396	137	80
510	526	396	137	80
511	525	396	137	80
512	525	396	137	80
513	524	396	137	80
514	524	396	137	80
515	523	396	137	80
516	523	397	137	80
517	522	397	137	80
518	522	397	137	80
519	522	397	137	80
520	521	397	137	80
521	522	397	137	80
522	521	397	137	80
523	521	397	137	80
524	521	397	137	80
525	521	397	137	80
526	521	397	137	80
527	521	397	137	80
528	521	397	137	80
529	520	397	137	80
530	520	397	137	80
531	521	397	137	80
532	521	397	137	80
533	521	397	137	80
534	521	397	137	80
535	521	397	137	80
536	521	398	137	80
537	521	398	137	80
538	521	398	137	80
