frame	x	y	width	height
1	506	224	86	35
2	515	236	86	34
3	515	234	88	45
4	516	232	91	55
5	518	241	90	48
6	520	250	90	41
7	523	259	89	34
8	525	262	89	33
9	527	265	88	32
10	529	268	88	32
11	532	271	87	31
12	530	267	91	44
13	529	263	94	58
14	528	264	96	60
15	532	275	93	53
16	536	285	91	46
17	540	296	88	39
18	540	298	86	32
19	541	301	84	25
20	538	301	84	30
21	535	301	85	35
22	522	321	111	29
23	528	321	101	32
24	535	320	92	34
25	541	320	83	37
26	539	322	74	40
27	529	346	101	22
28	537	353	95	23
29	535	347	89	24
30	543	332	70	53
31	544	331	70	59
32	532	362	114	23
33	538	351	96	47
34	544	341	78	72
35	546	338	66	59
36	527	355	102	37
37	561	354	43	34
38	546	342	72	53
39	544	333	71	60
40	531	337	97	55
41	539	341	81	52
42	548	325	57	64
43	546	322	52	59
44	546	325	56	53
45	531	311	69	62
46	530	312	70	55
47	542	301	62	51
48	538	287	71	60
49	537	286	65	53
50	531	296	74	36
51	515	295	94	45
52	520	313	65	31
53	524	304	60	33
54	529	298	60	35
55	527	290	60	43
56	523	285	64	48
57	506	310	97	33
58	518	321	77	36
59	525	316	61	35
60	518	309	73	32
61	523	300	55	43
62	508	312	87	42
63	518	323	88	44
64	527	333	69	40
65	532	325	58	44
66	532	317	56	50
67	523	335	83	39
68	519	351	86	38
69	538	357	48	30
70	535	337	61	57
71	535	341	48	47
72	518	364	97	31
73	528	364	68	25
74	529	349	61	41
75	541	348	39	40
76	535	349	55	34
77	520	350	93	29
78	527	350	73	23
79	537	350	68	22
80	535	339	57	28
81	532	330	56	37
82	537	320	69	50
83	529	341	97	25
84	540	349	75	25
85	550	345	66	32
86	547	344	73	26
87	559	319	53	46
88	550	318	60	51
89	541	331	92	48
90	546	343	91	48
91	554	345	73	45
92	563	348	56	42
93	561	342	70	55
94	559	336	85	69
95	559	354	90	50
96	559	362	102	50
97	567	361	85	64
98	569	342	89	92
99	572	376	100	55
100	572	380	95	54
101	589	378	76	53
102	577	363	84	66
103	586	375	82	50
104	585	379	85	47
105	592	374	83	52
106	590	372	70	46
107	585	351	73	61
108	587	360	86	46
109	589	370	99	30
110	610	371	68	28
111	610	357	56	35
112	589	328	68	61
113	587	335	89	44
114	588	344	89	33
115	597	339	87	35
116	611	319	53	49
117	591	304	66	60
118	578	307	80	54
119	587	305	98	43
120	590	300	94	45
121	592	282	73	53
122	594	265	52	62
123	590	270	67	53
124	587	275	82	45
125	584	280	97	37
126	603	281	69	32
127	588	253	72	63
128	578	240	67	68
129	594	246	44	57
130	598	236	50	66
131	597	245	73	58
132	590	238	74	60
133	590	232	47	63
134	580	232	53	57
135	575	237	53	50
136	570	231	76	65
137	582	260	75	25
138	582	253	68	27
139	575	244	74	36
140	583	232	48	46
141	570	231	74	50
142	570	253	101	32
143	588	262	79	41
144	573	260	90	35
145	572	255	89	34
146	571	246	88	34
147	570	248	92	41
148	569	249	95	47
149	571	255	94	45
150	571	260	93	44
151	572	266	91	42
152	574	271	90	40
153	576	277	88	38
154	569	273	99	50
155	569	278	92	55
156	577	290	87	43
157	583	320	83	31
158	580	320	87	39
159	578	320	92	47
160	576	320	96	55
161	580	333	96	56
162	584	346	95	56
163	591	348	95	57
164	595	349	94	58
165	599	350	94	58
166	603	356	93	59
167	606	349	82	63
168	617	348	68	64
169	601	361	92	61
170	601	368	90	59
171	619	371	73	53
172	626	360	54	66
173	622	365	61	62
174	606	378	93	50
175	617	396	76	30
176	620	381	54	42
177	612	375	51	44
178	604	376	80	48
179	609	394	78	22
180	605	384	68	35
181	598	364	73	42
182	605	364	59	41
183	594	364	80	36
184	597	368	76	29
185	599	366	75	28
186	594	344	67	39
187	598	336	50	42
188	590	332	65	46
189	573	337	93	33
190	583	337	92	27
191	602	323	56	30
192	586	314	60	35
193	589	300	44	48
194	583	301	57	42
195	580	303	75	33
196	596	313	65	25
197	597	307	61	23
198	594	300	62	27
199	582	289	68	32
200	584	283	51	40
201	576	290	73	32
202	578	301	83	21
203	587	298	71	27
204	593	300	69	26
205	592	298	67	24
206	583	280	62	49
207	579	289	72	47
208	580	303	76	35
209	585	312	54	25
210	587	313	69	33
211	573	310	64	28
212	582	313	47	27
213	587	316	49	27
214	567	316	85	41
215	582	323	83	39
216	587	322	67	46
217	589	318	43	41
218	583	320	60	46
219	573	325	96	59
220	587	332	83	67
221	591	339	70	59
222	591	338	59	52
223	590	347	64	40
224	590	353	86	53
225	593	366	83	42
226	595	373	87	29
227	607	365	70	51
228	597	375	85	41
229	590	388	98	36
230	596	385	78	51
231	610	372	53	52
232	609	381	77	53
233	607	395	79	37
234	601	388	93	43
235	617	388	60	33
236	603	378	84	45
237	603	376	92	50
238	618	381	59	39
239	620	369	64	48
240	608	366	61	46
241	606	357	60	49
242	605	358	77	47
243	613	364	75	48
244	620	366	64	36
245	621	356	53	36
246	606	342	45	45
247	603	345	61	39
248	601	345	74	29
249	617	345	46	25
250	611	337	68	35
251	602	315	50	40
252	604	301	54	57
253	601	300	72	51
254	604	302	70	46
255	596	301	73	52
256	608	280	70	52
257	613	286	42	42
258	613	273	35	56
259	607	266	59	63
260	595	275	82	53
261	618	294	57	27
262	611	276	59	45
263	601	271	66	46
264	596	264	53	46
265	592	258	67	58
266	581	269	93	54
267	590	272	83	54
268	605	285	45	34
269	605	290	60	26
270	593	286	65	25
271	598	272	67	49
272	578	287	104	48
273	593	304	74	49
274	605	312	49	34
275	599	316	57	24
276	591	306	62	42
277	579	318	87	39
278	584	327	87	38
279	593	336	75	43
280	593	347	65	31
281	600	349	47	35
282	588	355	67	35
283	589	363	71	37
284	587	384	68	20
285	604	379	49	30
286	603	373	47	38
287	592	388	76	29
288	603	401	67	19
289	610	396	58	33
290	607	392	49	40
291	595	402	92	23
292	618	408	57	27
293	616	402	57	27
294	626	381	42	47
295	617	382	59	45
296	614	414	91	26
297	637	414	50	29
298	635	401	58	39
299	649	387	39	49
300	642	391	63	39
301	630	406	95	47
302	656	411	51	43
303	645	393	65	56
304	652	392	48	37
305	638	381	76	54
306	631	393	107	66
307	656	407	69	40
308	646	399	70	41
309	636	383	82	49
310	636	378	68	56
311	619	376	102	74
312	622	385	94	73
313	626	387	66	59
314	606	379	86	62
315	615	373	52	48
316	575	373	95	69
317	556	382	109	69
318	575	393	65	57
319	545	384	75	56
320	544	376	64	39
321	506	349	80	68
322	480	352	111	86
323	470	381	84	52
324	441	370	95	79
325	446	373	64	39
326	422	342	51	63
327	399	350	60	54
328	361	367	78	33
329	345	379	66	29
330	314	358	76	60
331	284	311	67	77
332	258	310	71	74
333	240	310	67	78
334	210	340	61	44
335	186	349	58	33
336	126	332	75	44
337	108	321	64	43
338	82	302	63	55
339	52	274	75	83
