frame	x	y	width	height
2	272	77	29	61
3	269	76	29	61
4	263	70	31	64
5	260	71	29	61
6	255	68	29	61
7	250	67	29	61
8	245	66	29	61
9	247	65	29	61
10	247	68	28	58
11	245	68	28	58
12	241	70	27	55
13	240	70	27	55
14	239	70	27	55
15	238	71	25	53
16	238	72	25	53
17	239	67	24	50
18	242	71	24	50
19	240	72	23	48
20	238	72	23	48
21	236	73	23	48
22	236	74	23	48
23	235	74	24	50
24	233	71	25	53
25	243	75	27	55
26	243	76	27	55
27	243	75	28	58
28	244	76	28	58
29	244	75	28	58
30	243	74	29	61
31	242	70	29	61
32	238	67	29	61
33	233	65	29	61
34	228	62	31	64
35	228	61	31	64
36	224	64	31	64
37	219	65	31	64
38	220	63	32	67
39	222	64	32	67
40	224	67	32	67
41	226	69	32	67
42	226	70	32	67
43	226	72	32	67
44	224	74	32	67
45	223	74	32	67
46	219	73	34	70
47	218	72	34	70
48	218	72	34	70
49	217	63	36	74
50	218	65	36	74
51	220	67	36	74
52	220	65	38	78
53	215	67	38	78
54	213	70	36	74
55	212	73	34	70
56	209	75	34	70
57	214	82	34	70
58	213	82	34	70
59	207	77	34	70
60	204	74	34	70
61	204	71	34	70
62	205	69	34	70
63	205	68	36	74
64	206	67	36	74
65	205	66	36	74
66	203	64	38	78
67	203	63	38	78
68	203	63	38	78
69	204	64	38	78
70	204	64	38	78
71	211	71	38	78
72	213	75	38	78
73	213	74	38	78
74	213	72	38	78
75	214	72	38	78
76	215	72	38	78
77	217	72	38	78
78	219	72	38	78
79	219	72	39	82
80	219	72	39	82
81	218	70	41	86
82	217	68	43	90
83	218	66	46	94
84	219	69	46	94
85	223	69	48	99
86	223	69	48	99
87	220	66	48	99
88	222	68	46	94
89	220	68	46	94
90	219	68	46	94
91	211	62	46	94
92	205	60	46	94
93	203	55	46	94
94	202	55	46	94
95	202	55	46	94
96	208	56	46	94
97	210	58	46	94
98	213	60	46	94
99	222	67	46	94
100	224	64	46	94
101	224	61	48	99
102	228	58	48	99
103	230	58	48	99
104	232	58	48	99
105	229	57	48	99
106	219	52	48	99
107	209	49	48	99
108	202	50	46	94
109	196	49	46	94
110	189	49	46	94
111	189	52	43	90
112	189	55	43	90
113	189	49	43	90
114	190	48	43	90
115	193	47	43	90
116	194	45	46	94
117	198	49	43	90
118	202	52	43	90
119	204	52	46	94
120	205	52	46	94
121	211	51	46	94
122	218	51	46	94
123	226	54	43	90
124	227	53	43	90
125	229	55	41	86
126	231	57	41	86
127	239	60	41	86
128	244	60	41	86
129	253	61	41	86
130	259	62	41	86
131	265	64	41	86
132	271	66	41	86
133	276	65	41	86
134	278	66	41	86
135	282	67	41	86
136	284	70	41	86
137	284	73	41	86
138	288	76	41	86
139	287	73	41	86
140	285	71	41	86
141	281	72	41	86
142	279	73	41	86
143	274	71	41	86
144	267	69	41	86
145	260	65	41	86
146	260	61	39	82
147	257	57	39	82
148	255	56	39	82
149	255	61	39	82
150	255	63	38	78
151	256	71	38	78
152	257	68	38	78
153	258	66	38	78
154	262	66	38	78
155	263	65	38	78
156	264	52	36	74
157	266	50	36	74
158	265	47	38	78
159	260	14	38	78
160	253	11	38	78
161	246	9	38	78
162	237	8	38	78
163	228	7	38	78
164	219	5	38	78
165	210	2	39	82
166	202	1	39	82
167	199	1	39	82
168	191	0	41	86
169	183	-1	41	86
170	173	0	41	86
171	166	-4	39	82
172	155	-5	39	82
173	145	-7	39	82
174	136	-11	39	82
175	126	-12	39	82
176	117	-18	39	82
177	107	-21	39	82
178	97	-23	39	82
179	88	-23	38	78
180	79	-22	36	74
181	69	-25	36	74
182	58	-26	36	74
183	47	-28	36	74
184	38	-30	36	74
185	28	-32	36	74
186	17	-35	36	74
187	4	-35	36	74
188	-8	-39	36	74
189	-3	-16	36	74
190	1	-16	36	74
191	1	-15	36	74
192	5	-8	38	78
193	10	-6	38	78
194	13	-5	36	74
195	14	-8	36	74
196	13	-13	36	74
197	12	-12	38	78
198	12	-11	38	78
199	15	-9	38	78
200	15	-7	38	78
201	13	-6	38	78
202	8	-7	38	78
203	7	-8	38	78
204	8	-10	38	78
205	8	-2	38	78
206	8	-6	39	82
207	6	-9	41	86
208	7	-11	41	86
209	6	-9	41	86
210	6	-4	41	86
211	7	-6	41	86
212	0	-8	41	86
213	4	-2	41	86
214	4	-2	41	86
215	5	-9	41	86
216	1	-9	41	86
217	-4	-10	41	86
218	-9	-9	41	86
219	-14	-8	39	82
220	-14	-10	39	82
221	-9	-14	39	82
222	-6	-9	39	82
223	-11	-9	41	86
224	-13	-9	41	86
225	-12	-8	41	86
226	-8	-10	41	86
227	-5	-8	39	82
228	-5	-9	39	82
229	-4	-9	38	78
230	-3	-6	38	78
231	-2	-8	38	78
232	0	-8	38	78
233	0	-6	38	78
234	-2	-3	38	78
235	-4	-3	38	78
236	-5	-2	38	78
237	-5	-1	38	78
238	-4	2	38	78
239	-3	-3	38	78
240	-9	-4	38	78
241	-9	-5	38	78
242	-7	-1	38	78
243	-8	-2	38	78
244	-7	-6	39	82
245	-5	-8	39	82
246	-5	-8	39	82
247	-5	-5	39	82
248	-5	-1	39	82
249	-4	-1	39	82
250	-4	-3	39	82
251	-4	-7	39	82
252	-2	-11	38	78
253	-3	-2	38	78
254	-2	4	38	78
255	-2	6	36	74
256	-1	7	36	74
257	-2	6	36	74
258	-1	4	36	74
259	-1	4	36	74
260	0	3	36	74
261	0	0	34	70
262	1	0	34	70
263	4	-5	34	70
264	4	-3	34	70
265	3	-1	34	70
266	2	-5	34	70
267	1	-5	34	70
268	1	-5	34	70
269	1	-4	34	70
270	0	-4	36	74
271	0	-2	36	74
272	1	-2	36	74
273	-1	-2	36	74
274	-2	-2	36	74
275	-2	-2	36	74
276	0	-1	36	74
277	0	-1	36	74
278	0	-1	36	74
279	1	1	36	74
280	2	1	36	74
281	0	2	36	74
282	0	3	38	78
283	-1	4	38	78
284	-1	-1	39	82
285	-3	0	39	82
286	-4	-1	39	82
287	-6	-3	41	86
288	-5	-3	41	86
289	-4	-2	41	86
290	-3	-1	41	86
291	-4	1	41	86
292	-5	3	41	86
