frame	ave_fps
2	104.011
3	99.3601
4	95.8993
5	96.188
6	93.6704
7	94.0501
8	91.3043
9	90.3831
10	95.2087
11	95.3927
12	99.2257
13	100.313
14	103.267
15	106.252
16	107.617
17	109.988
18	112.248
19	112.787
20	114.62
21	116.405
22	116.961
23	118.212
24	119.731
25	120.087
26	121.378
27	122.76
28	123.341
29	124.215
30	125.32
31	125.481
32	126.34
33	127.343
34	127.363
35	128.236
36	129.15
37	128.987
38	129.755
39	130.555
40	130.689
41	131.34
42	131.987
43	132.612
44	132.471
45	133.005
46	133.649
47	134.256
48	133.986
49	134.471
50	135.075
51	134.909
52	135.13
53	135.304
54	134.174
55	134.648
56	134.494
57	134.911
58	135.392
59	135.362
60	135.624
61	136.069
62	136.444
63	135.999
64	136.366
65	136.728
66	136.75
67	136.841
68	137.122
69	137.151
70	137.314
71	137.659
72	138.037
73	137.884
74	137.703
75	137.419
76	137.763
77	138.101
78	137.747
79	138.092
80	137.859
81	138.121
82	138.448
83	138.332
84	138.636
85	138.966
86	138.683
87	138.941
88	139.217
89	139.055
90	139.288
91	139.594
92	139.617
93	139.707
94	139.988
95	139.966
96	139.843
97	140.079
98	139.878
99	139.903
100	139.939
101	139.922
102	140.174
103	140.013
104	140.189
105	140.436
106	140.625
107	140.506
108	140.719
109	140.964
110	140.824
111	140.987
112	141.196
113	141.234
114	141.326
115	141.557
116	141.563
117	141.698
118	141.921
119	141.628
120	141.854
121	142.044
122	141.958
123	142.09
124	142.292
125	142.213
126	142.322
127	142.512
128	142.371
129	142.565
130	142.692
131	142.549
132	142.713
133	142.888
134	142.876
135	142.651
136	142.8
137	142.802
138	142.822
139	142.996
140	143.153
141	142.798
142	142.937
143	142.651
144	142.795
145	142.947
146	142.851
147	142.978
148	143.099
149	143.252
150	143.138
151	143.256
152	143.389
153	143.317
154	143.447
155	143.571
156	143.544
157	143.592
158	143.751
159	143.645
160	143.774
161	143.879
162	143.769
163	143.855
164	143.967
165	143.936
166	144.014
167	144.12
168	144.111
169	144.147
170	144.277
171	144.176
172	144.251
173	144.359
174	144.22
175	144.306
176	144.455
177	144.418
178	144.424
179	144.559
180	144.509
181	144.586
182	144.692
183	144.546
184	144.652
185	144.494
186	144.558
187	144.651
188	144.525
189	144.615
190	144.731
191	144.606
192	144.702
193	144.821
194	144.873
195	144.747
196	144.667
197	144.78
198	144.881
199	144.814
200	144.872
201	144.998
202	144.924
203	144.974
204	145.034
205	144.89
206	144.982
207	145.089
208	145.079
209	145.115
210	145.117
211	145.055
212	145.074
213	145.104
214	144.946
215	145.028
216	145.094
217	144.98
218	145.085
219	144.965
220	145.069
221	144.937
222	145.022
223	145.119
224	144.932
225	145.024
226	145.029
227	144.827
228	144.903
229	144.574
230	144.649
231	144.569
232	144.625
233	144.718
234	144.601
235	144.701
236	144.644
237	144.714
238	144.817
239	144.665
240	144.74
241	144.837
242	144.761
243	144.799
244	144.89
245	144.763
246	144.844
247	144.894
248	144.814
249	144.883
250	144.986
251	144.85
252	144.936
253	145.028
254	144.94
255	144.996
256	145.062
257	144.996
258	145.063
259	145.139
260	145.09
261	145.104
262	145.167
263	145.086
264	145.13
265	145.212
266	145.19
267	145.212
268	145.044
269	144.813
270	144.76
271	144.356
272	144.415
273	144.331
274	144.356
275	144.448
276	144.349
277	144.436
278	144.49
279	144.415
280	144.389
281	144.294
282	144.351
283	144.425
284	144.376
285	144.421
286	144.406
287	144.361
288	144.453
289	144.384
290	144.418
291	144.335
292	144.391
293	144.463
294	144.449
295	144.498
296	144.577
297	144.466
298	144.532
299	144.606
300	144.635
301	144.708
302	144.648
303	144.705
304	144.77
305	144.729
306	144.787
307	144.826
308	144.765
309	144.826
310	144.747
311	144.623
312	144.522
313	144.39
314	144.441
315	144.514
316	144.482
317	144.552
318	144.453
319	144.509
320	144.583
321	144.444
322	144.509
323	144.578
324	144.507
325	144.581
326	144.63
327	144.55
328	144.591
329	144.541
330	144.587
331	144.654
332	144.64
333	144.661
334	144.729
335	144.613
336	144.677
337	144.743
338	144.794
339	144.825
340	144.892
341	144.82
342	144.882
343	144.872
344	144.809
345	144.856
346	144.891
347	144.836
348	144.888
349	144.943
350	144.884
351	144.938
352	144.906
353	144.892
354	144.689
355	144.727
356	144.778
357	144.664
358	144.717
359	144.777
360	144.72
361	144.779
362	144.835
363	144.79
364	144.743
365	144.66
366	144.635
367	144.644
368	144.692
369	144.672
370	144.703
371	144.751
372	144.691
373	144.725
374	144.774
375	144.713
376	144.77
377	144.683
378	144.731
379	144.797
380	144.705
381	144.764
382	144.69
383	144.742
384	144.802
385	144.761
386	144.787
387	144.795
388	144.732
389	144.769
390	144.823
391	144.838
392	144.878
393	144.868
394	144.9
395	144.919
396	144.691
397	144.74
398	144.785
399	144.714
400	144.772
401	144.716
402	144.759
403	144.817
404	144.749
405	144.797
406	144.844
407	144.758
408	144.811
409	144.859
410	144.831
411	144.838
412	144.879
413	144.837
414	144.877
415	144.866
416	144.882
417	144.928
418	144.862
419	144.885
420	144.866
421	144.89
422	144.942
423	144.896
424	144.938
425	144.993
426	144.95
427	144.974
428	144.98
429	144.952
430	144.967
431	144.982
432	144.919
433	144.963
434	144.995
435	145.02
436	145.05
437	145.012
438	144.996
439	144.934
440	144.882
441	144.913
442	144.841
443	144.866
444	144.827
445	144.811
446	144.859
447	144.795
448	144.837
449	144.888
450	144.69
451	144.738
452	144.77
453	144.735
454	144.773
455	144.738
456	144.763
457	144.795
458	144.756
459	144.796
460	144.789
461	144.776
462	144.812
463	144.855
464	144.794
465	144.835
466	144.802
467	144.842
468	144.888
469	144.817
470	144.863
471	144.895
472	144.934
473	144.948
474	144.979
475	144.94
476	144.974
477	145.011
478	144.988
479	144.998
480	145.043
481	144.933
482	144.973
483	144.923
484	144.939
485	144.985
486	144.754
487	144.792
488	144.825
489	144.779
490	144.817
491	144.85
492	144.865
493	144.899
494	144.874
495	144.885
496	144.927
497	144.909
498	144.927
499	144.961
500	144.78
501	144.652
502	144.596
503	144.636
504	144.682
505	144.644
506	144.642
507	144.683
508	144.643
509	144.653
510	144.686
511	144.617
512	144.604
513	144.553
514	144.581
515	144.595
516	144.566
517	144.593
518	144.634
519	144.602
520	144.61
521	144.645
522	144.591
523	144.557
524	144.401
525	144.411
526	144.359
527	144.394
528	144.431
529	144.378
530	144.399
531	144.393
532	144.42
533	144.453
534	144.412
535	144.445
536	144.424
537	144.435
538	144.441
539	144.415
540	144.424
541	144.422
542	144.354
543	144.394
544	144.378
545	144.403
546	144.427
547	144.37
548	144.404
549	144.433
550	144.43
551	144.463
552	144.427
553	144.465
554	144.435
555	144.464
556	144.495
557	144.47
558	144.481
559	144.5
560	144.483
561	144.497
562	144.528
563	144.52
564	144.529
565	144.555
566	144.492
567	144.514
568	144.545
569	144.508
570	144.541
571	144.579
572	144.57
573	144.605
574	144.642
575	144.612
576	144.626
577	144.661
578	144.572
579	144.609
580	144.625
581	144.595
582	144.632
583	144.658
584	144.648
585	144.656
586	144.687
587	144.681
588	144.679
589	144.716
590	144.675
591	144.689
592	144.729
593	144.712
594	144.733
595	144.769
596	144.705
597	144.736
598	144.767
599	144.74
600	144.757
601	144.783
602	144.779
603	144.796
604	144.812
605	144.805
606	144.815
607	144.842
608	144.816
609	144.834
610	144.859
611	144.792
612	144.809
613	144.844
614	144.823
615	144.848
616	144.883
617	144.842
618	144.874
619	144.899
620	144.856
621	144.833
622	144.805
623	144.824
624	144.846
625	144.81
626	144.834
627	144.866
628	144.858
629	144.866
630	144.9
631	144.863
632	144.889
633	144.923
634	144.888
635	144.91
636	144.93
637	144.94
638	144.969
639	144.943
640	144.952
641	144.982
642	144.929
643	144.956
644	144.987
645	145.01
646	144.982
647	145.017
648	145.028
649	144.999
650	145.013
651	145.036
652	144.952
653	144.956
654	144.909
655	144.932
656	144.899
657	144.924
658	144.953
659	144.908
660	144.93
661	144.886
662	144.917
663	144.95
664	144.947
665	144.887
666	144.908
667	144.943
668	144.973
669	144.906
670	144.939
671	144.928
672	144.952
673	144.983
674	144.951
675	144.975
676	145.007
677	144.975
678	144.994
679	145.022
680	144.992
681	145.007
