frame	PSR
2	6.74594
3	5.70072
4	5.66111
5	5.44253
6	5.94295
7	8.29744
8	6.214
9	6.3759
10	6.06741
11	6.4517
12	6.29009
13	6.38246
14	6.41801
15	6.51694
16	6.37076
17	6.28267
18	6.31024
19	6.12422
20	5.96653
21	5.90448
22	5.78947
23	5.6918
24	5.50357
25	5.70712
26	5.58514
27	4.92786
28	5.14877
29	5.10753
30	5.34262
31	4.77288
32	4.8046
33	4.89613
34	4.33906
35	4.53134
36	4.60175
37	4.21242
38	4.3256
39	4.27773
40	4.63322
41	4.74977
42	4.10177
43	4.51076
44	4.61797
45	4.4252
46	4.12678
47	4.12186
48	4.24297
49	3.88522
50	4.19618
51	3.75687
52	3.73247
53	3.8438
54	4.01496
55	3.62121
56	4.04068
57	4.14337
58	3.80097
59	3.87687
60	4.05917
61	4.52897
62	4.18339
63	3.8712
64	3.93789
65	4.26192
66	4.43266
67	4.63921
68	4.31076
69	4.73049
70	4.65649
71	4.28927
72	4.60783
73	4.5644
74	4.64901
75	4.26413
76	4.37621
77	4.42383
78	4.38204
79	4.39959
80	4.41325
81	4.692
82	4.61096
83	4.4025
84	4.73361
85	4.66408
86	4.66149
87	4.58945
88	4.64617
89	4.65077
90	5.00701
91	4.89941
92	4.78314
93	4.96168
94	4.87058
95	5.1997
96	5.04279
97	5.42991
98	5.35526
99	4.89848
100	5.14467
101	4.95207
102	4.76574
103	4.59122
104	4.50426
105	4.27064
106	4.18625
107	4.11856
108	4.08535
109	4.06866
110	3.81749
111	3.55723
112	3.38977
113	3.1766
114	3.26383
115	3.65312
116	3.69056
117	3.99078
118	3.9044
119	4.08412
120	4.30379
121	4.38053
122	4.32406
123	4.17797
124	4.052
125	4.34474
126	4.23642
127	4.1073
128	4.00053
129	3.47512
130	3.11688
131	3.60883
132	3.88346
133	4.15181
134	4.16164
135	4.05084
136	3.80504
137	3.99586
138	4.05504
139	3.7379
140	4.02581
141	3.9647
142	4.05209
143	4.25511
144	4.47569
145	4.42248
146	4.30679
147	4.59103
148	4.62415
149	4.63485
150	4.78158
151	4.57164
152	4.66413
153	4.75856
154	4.87176
155	4.68244
156	4.75756
157	4.6648
158	4.851
159	4.712
160	4.6662
161	4.59412
162	4.48694
163	4.53256
164	4.56608
165	4.44369
166	4.52009
167	4.32179
168	4.34422
169	4.05414
170	3.86865
171	3.7705
172	3.86246
173	3.76838
174	4.1152
175	4.22376
176	4.07133
177	3.88368
178	4.20375
179	4.15746
180	3.97541
181	4.40267
182	4.51007
183	4.31033
184	4.44583
185	4.48474
186	4.71463
187	4.59309
188	4.85326
189	4.73297
190	4.6431
191	4.48219
192	4.34313
193	4.20619
194	4.1771
195	3.92499
196	3.78771
197	3.6574
198	3.76651
199	3.87806
200	3.85583
201	4.136
202	4.04148
203	4.44736
204	4.44761
205	4.46795
206	4.27035
207	4.34297
208	4.11005
209	3.87838
210	3.76927
211	3.29811
212	3.71499
213	3.50527
214	3.74567
215	3.75118
216	3.77825
217	3.54552
218	3.86805
219	3.86637
220	4.15692
221	4.17922
222	4.09336
223	3.85657
224	4.03488
225	4.19155
226	4.29933
227	4.17057
228	4.27251
229	4.15272
230	4.11716
231	3.99607
232	4.21507
233	4.34351
234	4.19665
235	4.22095
236	4.37244
237	4.43631
238	4.31858
239	4.13669
240	4.18204
241	4.38582
242	4.19925
243	4.18567
244	4.1651
245	4.00832
246	3.98857
247	3.95591
248	4.02865
249	4.24178
250	4.07087
251	4.16488
252	4.13549
253	4.08322
254	4.09864
255	4.07901
256	4.07286
257	4.10003
258	3.91813
259	4.02295
260	3.74253
261	3.68396
262	3.58641
263	3.62631
264	3.56059
265	3.61974
266	3.53807
267	3.69025
268	3.47276
269	3.63368
270	3.49317
271	3.67393
272	3.71543
273	3.61222
274	3.64375
275	3.55753
276	3.44472
277	3.50809
278	3.31113
279	3.16748
280	2.85162
281	2.83295
282	3.10997
283	2.80105
284	3.14796
285	3.13397
286	3.44508
287	3.16944
288	3.17801
289	3.09361
290	3.32012
291	3.18146
292	3.26795
293	3.4102
294	3.45951
295	3.46654
296	3.50703
297	3.54991
298	3.37987
299	3.49111
300	3.33212
301	3.44818
302	3.60953
303	3.52143
304	3.73834
305	3.743
306	3.75866
307	3.67582
308	3.87895
309	3.58328
310	3.79698
311	3.75345
312	3.84204
313	3.85204
314	3.75348
315	3.90098
316	3.90695
317	4.03522
318	4.1893
319	4.16074
320	4.2468
321	4.46865
322	4.39193
323	4.48166
324	4.44232
325	4.33214
326	4.29696
327	4.47864
328	4.28248
329	4.33647
330	4.39096
331	4.5032
332	4.32847
333	4.40318
334	4.51471
335	4.48564
336	4.65987
337	4.59194
338	4.64266
339	4.56001
340	4.60014
341	4.63847
342	4.60952
343	4.66588
344	4.56173
345	4.5932
346	4.5936
347	4.6927
348	4.55386
349	4.66346
350	4.72839
351	4.82158
352	4.7361
353	4.72359
354	4.86953
355	4.69168
356	4.70152
357	4.76601
358	4.68747
359	4.71606
360	4.73907
361	4.85603
362	4.76838
363	4.85042
364	4.91936
365	4.66611
366	4.68268
367	4.66862
368	4.55512
369	4.8786
370	4.79334
371	4.83196
372	4.88996
373	4.88155
374	5.03953
375	4.9871
376	4.88937
377	4.77137
378	4.73265
379	4.79258
380	4.90525
381	4.73036
382	4.88424
383	4.67848
384	4.53638
385	4.70257
386	4.80597
387	4.91422
388	4.91394
389	4.8339
390	5.03831
391	4.70731
392	4.94247
393	4.91107
394	5.02696
395	4.82035
396	5.04576
397	5.13346
398	5.09631
399	5.05264
400	5.05794
401	5.09882
402	4.98981
403	4.90021
404	5.14784
405	4.87981
406	5.26379
407	5.14502
408	5.15082
409	5.28294
410	5.19276
411	5.13435
412	5.07805
413	5.12633
414	5.09845
415	5.08387
416	4.69687
417	4.90588
418	4.99468
419	4.9165
420	5.12183
421	4.93525
422	4.93754
423	5.16444
424	5.00043
425	5.31196
426	5.22492
427	5.2372
428	5.18528
429	5.01504
430	5.40862
431	5.44948
432	5.59844
433	5.56237
434	5.25979
435	5.30002
436	5.22604
437	5.3157
438	5.31157
439	5.35648
440	5.19979
441	5.21363
442	5.21945
443	5.24652
444	5.18657
445	5.07437
446	5.05543
447	5.15012
448	5.26538
449	5.10199
450	5.00912
451	4.73295
452	4.8812
453	4.88297
454	4.81934
455	4.82931
456	4.78456
457	4.79037
458	4.88844
459	5.0234
460	4.75935
461	4.86915
462	4.76541
463	4.41568
464	4.51398
465	4.61734
466	4.36907
467	4.44332
468	4.47814
469	4.49188
470	4.39883
471	4.36148
472	4.60086
473	4.39765
474	4.48686
475	4.49977
476	4.62744
477	4.66928
478	4.6355
479	4.6106
480	4.70816
481	4.55743
482	4.68499
483	4.65478
484	4.57202
485	4.5555
486	4.57915
487	4.50143
488	4.45237
489	4.46523
490	4.45213
491	4.51494
492	4.50654
493	4.50743
494	4.26155
495	4.28711
496	4.21718
497	4.30866
498	4.44353
499	4.58284
500	4.51793
501	4.84369
502	4.98045
503	4.80395
504	4.84658
505	4.6941
506	4.79795
507	4.95139
508	4.79051
509	4.86337
510	4.89865
511	4.50313
512	4.62848
513	4.51215
514	4.42821
515	4.41344
516	4.23014
517	4.2636
518	4.23609
519	4.14972
520	4.09721
521	4.22174
522	4.0897
523	4.06138
524	4.09716
525	4.14051
526	4.15983
527	4.0019
528	4.02451
529	3.88477
530	3.80449
531	4.03657
532	4.16385
533	4.57333
534	4.46952
535	4.58664
536	4.44652
537	4.29549
538	4.46087
539	4.72262
540	4.80695
541	4.79589
542	4.80486
543	4.78988
544	4.93831
545	4.82397
546	4.93861
547	5.06119
548	4.94101
549	4.73893
550	4.86955
551	4.99295
552	5.2053
553	5.13181
554	5.23759
555	5.23322
556	5.16133
557	5.24427
558	5.2706
559	5.32472
560	5.2398
561	5.36573
562	5.21703
563	5.35868
564	5.11307
565	5.42364
566	5.52097
567	5.22182
568	5.34833
569	5.34675
570	5.16356
571	5.31385
572	4.94243
573	5.22029
574	5.34008
575	4.99595
576	5.11684
577	5.09089
578	4.9261
579	5.21906
580	5.17803
581	5.17154
582	4.96353
583	5.50294
584	5.25203
585	5.30551
586	5.56817
587	5.30333
588	5.32917
589	5.2188
590	5.21868
591	5.54619
592	5.26877
593	5.30504
594	5.38146
595	5.44433
596	5.59621
597	5.40695
598	5.35143
599	5.38804
600	5.52101
601	5.46289
602	5.54059
603	5.22649
604	5.39195
605	5.37026
606	5.48271
607	5.13455
608	5.33475
609	5.55047
610	5.49232
611	5.43558
612	5.53082
613	5.31547
614	5.623
615	5.61573
616	5.42766
617	5.51639
618	5.62741
619	5.68006
620	5.60184
621	5.46592
622	5.37564
623	5.51484
624	5.63716
625	5.79468
626	5.77257
627	5.73828
628	5.71386
629	5.88597
630	5.66886
631	5.7826
632	5.69653
633	5.76201
634	5.84672
635	5.72769
636	5.8273
637	5.82704
638	5.9065
639	5.89656
640	5.66685
641	5.9611
642	5.77926
643	5.81183
644	5.82584
645	5.91484
646	5.9033
647	5.81694
648	5.88056
649	5.81186
650	5.85143
651	5.8716
652	5.74827
653	5.90575
654	5.72948
655	5.86744
656	5.78898
657	5.92815
658	5.9478
659	5.90824
660	5.74171
661	5.89094
662	5.8444
663	5.92569
664	6.01405
665	5.92166
666	5.92467
667	5.94676
668	5.7069
669	6.02635
670	5.92758
671	5.89425
672	5.83007
673	5.957
674	6.00471
675	6.01294
676	5.98821
677	6.05617
678	5.94558
679	6.09345
680	5.9818
681	6.11485
