frame	x	y	width	height
2	216	141	82	49
3	215	142	82	49
4	214	142	82	49
5	213	142	82	49
6	211	143	82	49
7	209	143	82	49
8	207	144	82	49
9	205	145	82	49
10	204	146	82	49
11	200	146	82	49
12	200	147	82	49
13	198	147	82	49
14	195	149	82	49
15	193	150	82	49
16	192	151	82	49
17	191	151	82	49
18	191	153	82	49
19	189	153	82	49
20	188	155	82	49
21	188	155	82	49
22	186	160	82	49
23	182	159	86	51
24	180	161	86	51
25	178	161	86	51
26	177	161	86	51
27	175	162	86	51
28	173	163	86	51
29	171	163	86	51
30	169	164	86	51
31	167	165	86	51
32	165	165	86	51
33	162	166	86	51
34	158	166	86	51
35	156	167	86	51
36	155	168	86	51
37	154	168	86	51
38	153	169	86	51
39	153	170	86	51
40	152	169	86	51
41	151	168	86	51
42	151	167	86	51
43	150	166	86	51
44	152	166	82	49
45	152	166	82	49
46	151	165	82	49
47	151	166	82	49
48	152	166	82	49
49	152	167	82	49
50	152	167	82	49
51	151	167	82	49
52	153	167	78	47
53	154	167	78	47
54	155	168	78	47
55	156	168	78	47
56	155	168	78	47
57	156	168	78	47
58	157	168	78	47
59	157	168	78	47
60	157	168	78	47
61	158	168	78	47
62	159	168	78	47
63	161	169	74	44
64	161	169	74	44
65	162	170	74	44
66	163	169	74	44
67	163	169	74	44
68	163	169	74	44
69	162	168	74	44
70	161	168	74	44
71	161	168	74	44
72	159	168	74	44
73	157	168	74	44
74	156	167	74	44
75	155	167	74	44
76	153	168	74	44
77	152	167	74	44
78	151	168	74	44
79	148	167	74	44
80	147	166	74	44
81	145	166	74	44
82	146	166	71	42
83	143	165	71	42
84	143	166	71	42
85	142	166	71	42
86	142	166	71	42
87	139	166	71	42
88	139	166	71	42
89	139	167	67	40
90	137	167	67	40
91	136	167	67	40
92	135	167	67	40
93	134	166	67	40
94	132	166	67	40
95	130	165	67	40
96	129	164	67	40
97	130	164	67	40
98	132	163	67	40
99	132	163	67	40
100	134	164	67	40
101	134	164	67	40
102	135	165	67	40
103	137	164	67	40
104	138	163	67	40
105	139	162	67	40
106	143	162	64	38
107	143	160	67	40
108	145	160	67	40
109	146	160	67	40
110	147	159	67	40
111	148	159	67	40
112	149	159	67	40
113	150	159	64	38
114	150	160	64	38
115	150	160	64	38
116	149	160	64	38
117	150	161	61	37
118	150	160	61	37
119	151	160	61	37
120	152	160	58	35
121	153	161	56	33
122	153	159	56	33
123	154	160	53	32
124	155	159	53	32
125	155	159	53	32
126	155	158	53	32
127	154	157	53	32
128	155	157	53	32
129	156	158	53	32
130	158	159	53	32
131	158	160	53	32
132	159	160	53	32
133	159	160	53	32
134	159	160	53	32
135	159	160	53	32
136	160	159	53	32
137	162	159	53	32
138	162	159	53	32
139	164	158	53	32
140	165	158	53	32
141	167	159	53	32
142	169	159	53	32
143	170	160	53	32
144	173	160	53	32
145	173	160	56	33
146	175	161	56	33
147	177	163	56	33
148	177	163	56	33
149	177	163	58	35
150	177	164	58	35
151	178	164	58	35
152	179	165	58	35
153	180	165	58	35
154	180	166	58	35
155	181	167	58	35
156	182	167	58	35
157	182	167	58	35
158	181	167	58	35
159	182	168	58	35
160	180	167	61	37
161	181	167	61	37
162	180	167	61	37
163	180	168	61	37
164	182	168	61	37
165	183	168	61	37
166	185	169	61	37
167	188	169	61	37
168	187	169	64	38
169	189	169	64	38
170	188	169	67	40
171	190	170	67	40
172	192	171	67	40
173	194	173	67	40
174	195	174	67	40
175	195	177	67	40
176	196	178	67	40
177	196	179	67	40
178	195	180	67	40
179	195	182	67	40
180	196	184	67	40
181	196	186	67	40
182	195	188	67	40
183	194	189	67	40
184	193	190	67	40
185	192	192	67	40
186	191	193	67	40
187	191	194	67	40
188	191	197	67	40
189	191	198	67	40
190	190	198	67	40
191	187	196	71	42
192	187	196	71	42
193	187	197	71	42
194	187	197	71	42
195	188	197	71	42
196	190	197	71	42
197	190	195	71	42
198	193	194	71	42
199	195	192	71	42
200	197	192	71	42
201	198	191	74	44
202	199	189	78	47
203	199	190	78	47
204	200	190	78	47
205	198	189	78	47
206	197	189	78	47
207	196	191	78	47
208	195	192	78	47
209	194	192	78	47
210	194	193	78	47
211	192	193	78	47
212	192	194	78	47
213	192	195	78	47
214	192	196	78	47
215	193	197	78	47
216	193	197	78	47
217	190	198	78	47
218	187	198	78	47
219	187	200	78	47
220	184	200	78	47
221	183	201	78	47
222	180	201	78	47
223	180	202	74	44
224	179	203	74	44
225	181	204	74	44
226	183	205	74	44
227	185	206	74	44
228	189	204	78	47
229	189	203	78	47
230	189	202	78	47
231	190	202	78	47
232	190	202	78	47
233	190	201	78	47
234	189	201	78	47
235	189	201	78	47
236	189	201	78	47
237	189	201	78	47
238	189	201	78	47
239	190	202	78	47
240	190	202	78	47
241	191	201	78	47
242	191	200	78	47
243	191	200	78	47
244	191	201	78	47
245	190	200	78	47
246	190	200	78	47
247	190	200	78	47
248	190	199	78	47
249	192	198	78	47
250	194	198	78	47
251	196	197	78	47
252	198	198	78	47
253	200	199	78	47
254	201	199	78	47
255	201	199	78	47
256	200	198	82	49
257	200	199	82	49
258	201	199	82	49
259	201	200	82	49
260	201	200	82	49
261	200	200	82	49
262	200	200	82	49
263	201	200	82	49
264	201	199	82	49
265	201	198	82	49
266	201	197	82	49
267	202	197	82	49
268	203	196	82	49
269	203	197	82	49
270	204	195	82	49
271	204	195	82	49
272	205	195	82	49
273	206	196	82	49
274	207	195	82	49
275	207	195	82	49
276	209	195	82	49
277	209	195	82	49
278	210	195	82	49
279	211	195	82	49
280	212	195	82	49
281	212	194	86	51
282	212	194	86	51
283	211	193	90	54
284	213	193	90	54
285	214	192	90	54
286	215	193	90	54
287	217	193	90	54
288	219	193	90	54
289	220	192	90	54
290	221	193	90	54
291	222	193	90	54
292	224	193	90	54
293	226	193	90	54
294	229	194	90	54
295	232	195	90	54
296	231	195	95	57
297	234	194	95	57
298	238	194	95	57
299	240	193	95	57
300	243	193	95	57
301	244	193	95	57
302	246	191	95	57
303	245	191	95	57
304	246	190	95	57
305	248	190	95	57
306	249	189	95	57
307	251	189	95	57
308	252	189	95	57
309	254	189	95	57
310	255	189	95	57
311	258	190	95	57
312	261	191	95	57
313	261	191	95	57
314	265	192	95	57
315	266	193	95	57
316	268	193	95	57
317	269	194	95	57
318	270	195	95	57
319	272	195	95	57
320	274	196	95	57
321	277	195	95	57
322	280	196	95	57
323	284	197	95	57
324	286	197	95	57
325	288	198	95	57
326	291	198	95	57
327	294	200	95	57
328	296	200	95	57
329	297	199	95	57
330	301	200	95	57
331	302	200	95	57
332	304	200	95	57
333	306	199	95	57
334	309	199	95	57
335	311	199	95	57
336	313	198	95	57
337	314	196	95	57
338	315	193	95	57
339	316	191	95	57
340	317	189	95	57
341	318	186	95	57
342	320	185	95	57
343	320	183	95	57
344	321	182	95	57
345	324	182	95	57
346	325	181	95	57
347	328	179	95	57
348	329	179	95	57
349	331	177	95	57
350	332	177	95	57
351	333	176	95	57
352	335	175	95	57
353	337	175	95	57
354	337	175	95	57
355	339	174	95	57
356	339	175	95	57
357	341	174	95	57
358	341	174	95	57
359	342	173	95	57
360	343	173	95	57
361	343	172	95	57
362	344	172	95	57
363	343	170	100	60
364	343	171	100	60
365	343	171	100	60
366	341	169	105	63
367	341	169	105	63
368	341	170	105	63
369	340	169	105	63
370	341	169	105	63
371	340	168	105	63
372	340	169	105	63
373	341	169	105	63
374	341	168	105	63
375	342	167	105	63
376	341	168	105	63
377	342	168	105	63
378	342	167	105	63
379	341	167	105	63
380	341	167	105	63
381	340	167	105	63
382	340	167	105	63
383	341	167	105	63
384	341	168	105	63
385	344	169	105	63
386	344	170	105	63
387	346	171	105	63
388	346	172	105	63
389	348	172	105	63
390	348	174	105	63
391	350	175	105	63
392	351	176	105	63
393	351	178	105	63
394	352	179	105	63
395	352	180	105	63
396	355	181	105	63
397	357	181	105	63
398	360	181	105	63
399	362	182	105	63
400	364	182	105	63
401	367	182	105	63
402	370	182	105	63
403	375	181	105	63
404	377	182	105	63
405	381	182	105	63
406	386	182	105	63
407	391	181	105	63
408	393	181	105	63
409	396	181	105	63
410	398	180	105	63
411	399	180	105	63
412	400	179	105	63
413	402	178	105	63
414	404	177	105	63
415	405	175	105	63
416	406	175	105	63
417	406	174	105	63
418	406	173	105	63
419	406	172	105	63
420	406	171	105	63
421	408	172	100	60
422	406	171	100	60
423	405	170	100	60
424	403	170	100	60
425	401	168	100	60
426	400	168	100	60
427	399	167	100	60
428	398	166	100	60
429	398	166	100	60
430	396	166	100	60
431	395	167	100	60
432	396	167	100	60
433	396	166	100	60
434	397	166	100	60
435	400	168	95	57
436	402	167	95	57
437	403	167	95	57
438	406	166	95	57
439	411	166	90	54
440	411	165	90	54
441	415	165	90	54
442	418	164	90	54
443	419	164	90	54
444	422	163	90	54
445	424	163	90	54
446	424	163	90	54
447	425	163	90	54
448	424	163	90	54
449	424	163	90	54
450	422	162	90	54
451	421	161	90	54
452	419	162	90	54
453	418	161	90	54
454	419	160	90	54
455	422	160	90	54
456	403	157	95	57
457	402	157	95	57
458	400	157	95	57
459	397	157	95	57
460	358	158	95	57
461	353	160	95	57
462	351	163	95	57
463	350	162	95	57
464	348	163	95	57
465	346	165	95	57
466	342	166	95	57
467	341	166	95	57
468	339	168	95	57
469	338	167	95	57
470	336	167	95	57
471	335	168	95	57
472	334	168	95	57
473	333	168	95	57
474	330	169	95	57
475	329	170	95	57
476	329	170	95	57
477	329	169	95	57
478	328	169	95	57
479	327	170	95	57
480	329	169	95	57
481	329	168	95	57
482	328	168	95	57
483	329	168	95	57
484	328	168	95	57
485	329	168	95	57
486	328	168	95	57
487	328	168	95	57
488	329	168	95	57
489	329	168	95	57
490	329	167	95	57
491	328	168	95	57
492	328	167	95	57
493	328	167	95	57
494	328	168	95	57
495	328	167	95	57
496	327	167	95	57
497	328	167	95	57
498	327	167	95	57
499	328	167	95	57
500	327	167	95	57
501	325	167	95	57
502	325	166	95	57
503	326	167	95	57
504	324	167	95	57
505	325	166	95	57
506	324	166	95	57
507	325	166	95	57
508	325	166	95	57
509	325	167	95	57
510	324	168	95	57
511	325	167	95	57
512	326	167	95	57
513	324	167	95	57
514	325	167	95	57
515	324	167	95	57
516	323	167	95	57
517	322	167	95	57
518	322	167	95	57
