frame	x	y	width	height
1	262	90	69	36
2	270	91	56	39
3	270	94	55	38
4	270	96	55	38
5	270	99	54	37
6	270	102	54	36
7	271	105	54	36
8	269	105	54	37
9	267	106	55	38
10	266	106	56	40
11	264	107	57	42
12	264	105	58	43
13	263	104	59	45
14	262	103	60	46
15	262	102	61	48
16	261	100	62	49
17	260	99	62	49
18	259	98	62	49
19	258	97	63	50
20	256	96	63	50
21	255	95	63	50
22	254	94	63	50
23	253	92	63	51
24	252	91	63	51
25	251	90	63	51
26	249	89	62	52
27	248	87	62	53
28	246	85	61	54
29	245	84	61	55
30	243	82	60	55
31	242	81	60	56
32	240	79	59	57
33	239	77	58	58
34	237	76	58	59
35	233	80	57	60
36	228	74	65	65
37	233	78	54	57
38	232	78	54	59
39	231	78	54	60
40	230	79	54	61
41	229	79	54	62
42	230	80	54	63
43	230	81	54	65
44	230	81	53	66
45	231	82	53	67
46	231	83	53	68
47	233	83	51	68
48	234	84	49	67
49	235	84	47	67
50	237	85	45	66
51	238	85	43	66
52	240	85	41	65
53	241	86	39	65
54	243	86	37	64
55	244	86	35	64
56	245	85	35	62
57	247	84	34	61
58	248	83	34	60
59	248	84	34	60
60	247	85	35	60
61	247	86	35	60
62	247	87	36	60
63	247	88	37	60
64	247	89	37	60
65	246	90	38	60
66	247	91	37	59
67	247	92	37	58
68	247	93	36	57
69	248	93	36	57
70	248	94	35	56
71	249	95	35	55
72	249	95	34	54
73	249	96	34	53
74	250	96	34	53
75	250	96	33	53
76	250	96	33	52
77	251	96	33	52
78	251	96	32	52
79	251	96	32	51
80	252	96	32	51
81	252	96	31	51
82	252	96	31	51
83	252	96	31	50
84	253	96	31	50
85	253	95	30	50
86	253	95	31	50
87	253	95	31	51
88	253	95	31	51
89	253	94	32	52
90	252	94	32	52
91	252	94	32	53
92	252	93	33	54
93	252	93	33	54
94	252	93	34	55
95	252	93	34	55
96	251	92	34	56
97	251	92	35	56
98	251	92	35	57
99	251	92	35	57
100	251	91	36	58
101	251	91	36	59
102	253	92	32	56
103	256	92	28	54
104	258	93	25	52
105	260	93	21	49
106	260	92	20	50
107	257	91	24	51
108	255	90	29	51
109	252	89	34	52
110	250	89	36	52
111	248	89	39	52
112	246	89	42	52
113	244	89	44	52
114	242	89	47	52
115	240	89	49	52
116	238	89	52	52
117	237	89	53	53
118	235	89	55	54
119	233	88	56	56
120	232	88	57	57
121	230	88	59	58
122	229	88	60	59
123	227	87	61	60
124	225	87	63	61
125	224	88	63	61
126	223	88	63	60
127	221	89	63	60
128	220	89	63	59
129	219	90	63	59
130	217	90	63	58
131	216	91	63	58
132	213	91	63	58
133	211	91	63	58
134	208	92	63	58
135	206	92	63	58
136	204	92	63	58
137	202	93	63	57
138	201	93	63	57
139	200	94	63	57
140	199	95	63	56
141	197	95	63	56
142	196	96	63	56
143	195	97	63	55
144	193	97	63	55
145	192	98	62	55
146	191	98	63	55
147	189	98	63	56
148	188	99	64	56
149	186	99	64	57
150	185	100	64	57
151	184	100	64	58
152	183	101	64	58
153	181	102	64	58
154	180	103	64	58
155	179	103	64	59
156	178	103	64	59
157	177	104	64	59
158	176	104	63	59
159	176	105	63	58
160	175	105	62	58
161	174	106	61	57
162	174	105	61	56
163	174	104	60	56
164	174	103	59	55
165	174	103	59	55
166	173	102	58	54
167	173	101	57	54
168	173	101	57	53
169	171	99	57	54
170	170	98	58	54
171	168	97	58	55
172	167	95	59	55
173	165	94	59	56
174	163	93	60	56
175	162	91	61	57
176	160	90	61	57
177	158	89	62	58
178	157	87	62	59
179	155	86	63	59
180	156	86	59	59
181	157	86	55	58
182	158	85	51	58
183	159	85	48	57
184	160	85	44	57
185	161	84	40	56
186	162	84	36	55
187	162	84	35	55
188	161	85	34	55
189	161	86	33	54
190	161	86	32	53
191	161	86	30	52
192	161	86	29	51
193	161	86	28	50
194	161	87	26	49
195	161	87	25	48
196	161	87	23	46
197	162	86	20	40
198	161	86	21	41
199	160	86	22	42
200	159	86	24	43
201	158	86	25	44
202	157	86	26	45
203	156	86	28	46
204	155	86	29	47
205	154	86	30	48
206	154	86	30	47
207	153	86	31	47
208	153	87	31	47
209	153	87	31	46
210	153	87	31	46
211	153	87	31	46
212	153	87	32	45
213	153	88	32	45
214	153	88	32	45
215	153	88	32	45
216	153	88	32	44
217	152	88	33	44
218	152	88	33	44
219	152	88	33	45
220	152	88	34	45
221	151	87	34	45
222	151	87	34	46
223	151	87	34	46
224	151	87	35	46
225	150	86	35	47
226	150	86	35	47
227	150	86	36	47
228	150	86	36	48
229	149	86	36	48
230	149	85	37	49
231	149	85	37	49
232	149	85	37	49
233	148	85	38	50
234	148	84	38	50
235	148	84	38	50
236	148	84	39	51
237	147	84	39	51
238	147	84	39	51
239	147	83	40	51
240	146	83	42	52
241	145	82	43	52
242	145	82	44	52
243	144	81	45	52
244	144	81	46	52
245	143	80	48	52
246	142	80	49	52
247	142	79	50	52
248	142	79	51	52
249	141	79	53	52
250	141	78	54	51
251	141	78	55	51
252	140	78	56	51
253	140	78	57	51
254	140	77	59	51
255	139	77	60	51
256	139	77	60	50
257	139	77	61	49
258	139	78	62	48
259	139	78	62	47
260	139	78	63	46
261	140	79	63	45
262	140	79	64	44
263	140	79	64	43
264	139	79	65	44
265	138	78	65	45
266	138	77	66	46
267	137	77	66	48
268	137	76	67	49
269	136	75	67	50
270	136	75	68	51
271	135	74	68	52
272	134	73	69	54
273	134	73	69	55
274	133	72	69	56
275	133	71	70	57
276	133	72	70	56
277	134	73	70	55
278	134	73	70	54
279	134	74	70	53
280	135	75	70	52
281	135	75	70	51
282	135	75	69	51
283	135	75	69	52
284	135	75	69	52
285	135	75	69	52
286	135	74	69	53
287	136	74	69	53
288	136	74	69	53
289	136	74	69	54
290	136	74	69	54
291	136	74	69	54
292	138	74	66	55
293	139	75	64	55
294	141	76	62	55
295	140	75	63	57
296	140	74	65	60
297	139	74	66	62
298	139	73	68	64
299	139	74	67	64
300	139	74	67	63
301	139	74	67	63
302	139	74	66	62
303	140	74	66	62
304	140	75	65	61
305	140	75	65	61
306	140	75	64	60
307	140	75	64	60
308	140	76	64	59
309	140	76	63	59
310	141	76	63	59
311	141	76	62	58
312	141	76	62	58
313	141	77	61	57
314	142	79	62	54
315	142	80	62	51
316	143	82	63	49
317	143	84	63	46
318	144	86	63	43
319	144	88	64	40
320	144	88	64	37
321	145	88	64	37
322	147	89	64	36
323	148	90	64	35
324	150	91	64	34
325	150	91	65	34
326	150	91	65	33
327	150	91	65	32
328	152	91	64	32
329	154	91	63	32
330	155	92	63	32
331	157	92	62	32
332	158	92	61	32
333	160	92	60	32
334	161	92	60	31
335	164	93	58	29
336	166	92	58	29
337	167	90	59	32
338	168	89	59	35
339	169	87	60	37
340	171	85	61	40
341	172	83	62	43
342	174	83	61	44
343	176	82	60	45
344	178	82	59	47
345	180	81	58	48
346	183	81	57	49
347	186	81	53	51
348	190	81	49	52
349	193	81	45	53
350	197	81	41	54
351	198	82	39	54
352	200	83	37	53
353	201	84	35	53
354	203	84	33	53
355	205	85	30	53
356	206	86	28	52
357	208	86	26	52
358	209	87	24	52
359	211	89	21	52
360	212	91	19	51
361	212	92	20	52
362	211	93	22	53
363	210	94	24	54
364	210	95	25	54
365	209	95	27	54
366	208	96	29	54
367	206	97	31	55
368	205	98	32	55
369	203	99	34	55
370	202	99	36	55
371	200	100	38	56
372	199	101	39	56
373	197	102	41	56
374	196	102	43	56
375	195	103	44	55
376	193	104	45	54
377	192	105	47	54
378	191	106	48	53
379	190	107	50	52
380	189	107	51	52
381	187	108	52	51
382	186	109	54	51
383	185	110	55	50
384	184	111	56	49
385	182	111	58	49
386	181	112	58	48
387	181	113	59	47
388	180	114	60	46
389	179	115	60	45
390	178	116	61	44
391	177	117	61	43
392	176	117	62	42
393	177	118	61	39
394	177	119	60	36
395	177	120	58	34
396	177	121	57	31
397	177	121	57	30
398	176	120	58	32
399	175	118	60	35
400	174	117	61	37
401	173	115	62	39
402	171	114	63	41
403	170	113	65	43
404	169	112	66	45
405	167	110	67	47
406	166	109	68	49
407	165	108	69	51
408	163	107	70	53
409	162	105	71	55
410	161	105	71	54
411	159	105	72	53
412	158	105	72	52
413	157	105	72	51
414	155	105	73	50
415	154	105	73	50
416	153	105	73	50
417	152	104	73	49
418	151	104	73	49
419	150	104	72	49
420	149	103	72	49
421	148	103	72	48
422	148	102	73	49
423	148	101	73	50
424	147	100	73	51
425	147	99	73	52
426	147	98	74	53
427	146	97	74	54
428	146	96	74	55
429	146	95	75	56
430	146	95	74	56
431	146	95	74	55
432	146	95	73	54
433	146	95	73	54
434	146	95	73	53
435	146	95	72	52
436	146	94	72	51
437	146	94	71	51
438	146	94	71	50
439	147	95	67	47
440	147	96	64	44
441	148	97	60	41
442	149	98	56	38
443	150	99	53	35
444	148	98	53	36
445	147	95	53	41
446	145	94	54	44
447	142	93	55	48
448	140	92	56	51
449	137	91	57	55
450	137	91	55	55
451	136	91	52	54
452	136	92	50	54
453	135	92	48	53
454	135	93	46	53
455	134	93	43	52
456	134	93	41	52
457	133	94	39	51
458	132	94	39	51
459	131	94	39	51
460	130	95	39	51
461	129	95	39	51
462	128	95	39	51
463	127	95	39	51
464	126	96	39	51
465	125	96	39	51
466	123	96	39	51
467	123	96	39	51
468	122	95	38	51
469	121	95	38	51
470	120	94	38	51
471	119	94	38	51
472	118	93	38	52
473	117	92	38	52
474	116	92	39	52
475	115	92	40	53
476	114	91	41	54
477	113	91	42	55
478	112	91	44	55
479	111	90	45	56
480	110	90	46	57
481	109	89	47	58
482	108	89	48	58
483	107	89	49	59
484	105	89	51	59
485	103	90	54	59
486	101	91	56	59
487	98	91	58	59
488	96	92	61	59
489	94	93	63	59
490	92	94	66	59
491	89	94	68	59
492	88	95	68	58
493	87	95	68	57
494	86	96	68	56
495	84	96	69	55
496	83	96	69	54
497	82	97	69	53
498	81	97	69	52
499	80	98	69	51
500	79	98	70	50
501	77	99	70	49
502	76	99	70	48
503	75	100	70	47
504	74	100	70	46
505	73	101	71	45
506	71	100	71	45
507	69	100	71	46
508	67	100	72	46
509	65	100	72	47
510	63	100	73	47
511	61	100	73	48
512	59	100	73	48
513	57	100	74	49
514	55	100	74	49
515	53	100	75	50
516	51	100	75	51
517	49	100	76	51
518	47	100	77	52
519	46	100	78	53
520	44	100	79	53
521	42	100	79	54
522	41	100	80	55
523	39	100	81	55
524	37	100	82	56
525	35	100	83	57
526	36	102	80	54
527	36	103	77	52
528	35	102	76	53
529	35	101	75	53
530	34	101	74	54
531	34	100	73	55
532	33	99	72	55
533	33	99	71	56
534	32	98	71	57
535	35	99	61	55
536	40	103	48	46
537	41	100	44	52
538	40	102	43	51
539	39	99	42	56
540	38	97	41	62
541	38	98	40	62
542	39	99	40	62
543	40	100	39	63
544	41	101	38	63
545	42	103	37	63
546	43	104	36	63
547	44	105	35	63
548	42	106	38	65
549	40	107	41	66
550	38	108	43	68
551	36	110	46	69
552	34	111	49	71
553	33	112	52	72
554	31	113	55	74
555	29	114	57	75
556	27	115	60	77
557	25	117	63	78
558	23	118	66	80
559	22	118	69	82
560	20	118	73	84
561	18	118	77	87
562	16	119	80	89
563	14	119	84	92
564	12	119	88	94
565	10	119	92	96
566	10	121	93	96
567	9	122	94	95
568	8	124	96	95
569	7	125	97	94
570	7	126	99	94
571	8	128	98	93
572	9	129	98	92
573	10	130	98	91
574	12	131	98	90
575	13	132	98	90
576	14	135	96	86
577	14	137	94	83
578	15	139	92	80
579	16	139	95	80
580	16	138	97	81
581	16	138	100	81
582	17	138	102	81
583	18	140	101	79
584	19	142	99	77
585	20	144	98	74
586	22	145	96	72
587	23	147	95	69
588	24	149	93	67
589	25	151	92	64
590	27	152	91	63
591	28	152	90	62
592	29	153	90	61
593	30	154	89	60
594	32	155	88	59
595	33	155	87	58
596	34	156	87	57
597	35	157	86	56
598	37	157	85	54
599	38	158	85	53
600	40	159	84	52
601	42	159	83	51
602	45	160	82	50
603	47	160	82	49
604	49	161	81	48
605	51	161	80	47
606	54	162	80	46
607	56	161	78	47
608	58	160	77	48
609	60	160	76	49
610	63	159	74	50
611	65	159	73	51
612	67	158	72	53
613	69	158	70	53
614	70	158	69	53
615	71	158	68	53
616	72	157	66	53
617	73	157	65	53
618	74	157	63	54
619	75	157	62	54
620	77	157	61	54
621	78	157	59	54
622	79	156	58	54
623	80	156	57	54
624	81	156	55	54
625	82	156	54	55
626	83	156	53	55
627	85	156	51	55
628	87	156	49	55
629	89	157	46	55
630	91	157	44	54
631	93	157	42	54
632	102	161	26	44
633	104	166	33	38
634	109	168	37	38
635	103	165	51	46
636	97	163	65	55
637	99	165	70	54
638	100	167	74	54
639	102	168	79	54
640	104	170	83	53
641	109	172	84	51
642	115	174	84	49
643	121	176	85	47
644	126	178	85	45
645	132	179	85	44
646	138	181	84	43
647	144	182	84	42
648	150	183	84	41
649	155	184	84	40
650	160	184	83	40
651	165	185	83	40
652	170	186	83	39
653	175	186	83	39
654	180	187	83	39
655	185	188	83	39
656	189	188	83	39
657	193	188	83	39
658	198	188	83	40
659	202	188	83	40
660	207	188	84	41
661	211	188	84	41
662	216	188	84	42
663	220	188	84	42
664	224	188	84	42
665	228	188	84	43
666	232	188	84	43
667	236	188	84	43
668	240	188	84	43
669	244	188	84	43
670	248	188	84	43
671	252	188	84	43
672	256	188	84	43
673	260	188	84	43
674	263	188	85	44
675	267	188	85	45
676	270	187	86	47
677	273	187	86	48
678	277	186	87	49
679	280	186	87	50
680	284	185	88	51
681	287	185	88	53
682	293	183	86	51
