frame	x	y	width	height
1	267	125	103	70
2	267	123	97	71
3	267	125	106	74
4	271	126	107	76
5	273	127	105	82
6	280	130	96	72
7	279	131	99	73
8	282	132	96	72
9	272	128	113	78
10	284	133	104	77
11	282	131	107	81
12	278	130	116	80
13	289	131	103	77
14	288	131	111	76
15	289	131	111	79
16	292	132	117	82
17	300	136	105	75
18	310	140	101	73
19	307	138	115	78
20	318	143	101	69
21	316	142	109	75
22	325	144	100	76
23	319	135	123	95
24	326	140	107	82
25	334	144	111	78
26	334	139	107	77
27	338	150	99	68
28	340	147	89	69
29	342	145	100	76
30	343	144	103	71
31	347	146	89	63
32	342	147	90	62
33	346	145	97	67
34	342	146	109	75
35	349	146	105	77
36	346	138	111	87
37	350	141	99	83
38	353	137	101	84
39	354	138	107	88
40	352	136	107	93
41	355	137	107	93
42	357	131	107	105
43	356	134	106	99
44	360	137	106	99
45	353	136	106	96
46	358	142	111	96
47	360	139	107	98
48	355	138	111	99
49	364	145	107	96
50	358	142	114	104
51	360	145	116	103
52	360	140	112	105
53	361	145	117	106
54	364	148	113	102
55	367	150	109	98
56	367	152	116	99
57	365	150	114	98
58	355	142	120	103
59	361	146	112	96
60	363	148	110	91
61	367	145	100	92
62	363	150	103	86
63	357	142	102	83
64	360	146	98	78
65	355	144	98	73
66	352	142	106	73
67	356	146	88	63
68	353	146	89	56
69	374	155	51	41
70	369	159	50	35
71	373	165	50	31
72	370	158	44	34
73	375	155	41	35
74	377	154	33	36
75	361	146	55	56
76	371	154	32	34
77	367	150	28	40
78	363	147	30	37
79	363	146	26	39
80	362	145	22	41
81	359	140	20	50
82	356	137	20	50
83	354	139	22	47
84	348	134	28	50
85	349	127	22	51
86	345	127	25	46
87	344	127	26	44
88	341	126	26	47
89	341	131	25	41
90	341	127	25	44
91	342	124	26	43
92	341	123	25	40
93	340	123	25	39
94	340	121	23	44
95	341	122	25	40
96	339	122	25	41
97	336	124	26	41
98	335	128	27	39
99	341	125	22	45
100	335	124	24	43
101	336	126	24	42
102	334	128	23	41
103	334	127	23	42
104	334	130	26	37
105	337	126	21	47
106	332	129	24	41
107	333	128	21	43
108	332	131	24	40
109	334	130	23	44
110	333	130	23	44
111	333	134	22	40
112	333	134	23	38
113	331	136	22	38
114	332	132	19	39
115	331	135	19	37
116	331	133	20	45
117	333	135	19	40
118	330	132	26	41
119	329	131	24	42
120	331	131	23	42
121	330	131	22	41
122	331	129	25	43
123	332	131	22	43
124	334	134	21	41
125	330	135	25	41
126	330	134	28	38
127	333	133	27	42
128	329	134	29	47
129	326	134	36	44
130	323	135	42	44
131	320	136	46	36
132	323	135	46	36
133	323	138	48	32
134	319	136	54	33
135	324	140	49	30
136	323	142	51	28
137	325	138	50	30
138	325	138	51	30
139	328	137	48	31
140	329	140	48	29
141	327	137	47	30
142	320	137	53	29
143	322	139	51	29
144	319	136	51	28
145	318	137	54	30
146	316	137	55	29
147	309	138	62	28
148	307	136	61	28
149	311	139	53	26
150	311	140	53	26
151	309	138	54	25
152	312	137	53	26
153	316	134	53	32
154	313	136	54	33
155	308	138	62	29
156	313	138	55	29
157	310	140	59	28
158	307	138	63	30
159	307	140	63	31
160	305	139	63	34
161	307	139	60	33
162	310	134	58	40
163	303	135	68	43
164	305	138	64	38
165	311	135	55	42
166	318	138	51	32
167	311	138	60	27
168	311	140	66	27
169	302	132	93	43
170	306	128	88	43
171	313	122	87	51
172	320	126	81	38
173	321	126	80	39
174	320	124	73	34
175	323	122	82	34
176	335	123	72	27
177	341	124	67	28
178	346	122	70	26
179	350	121	67	26
180	352	122	68	26
181	359	119	63	28
182	357	120	68	23
183	362	116	68	26
184	370	117	62	23
185	371	114	66	26
186	373	113	66	24
187	370	112	76	23
188	373	111	75	22
189	378	110	71	23
190	383	108	68	23
191	381	105	76	26
192	381	101	78	27
193	385	104	75	23
194	387	99	78	26
195	389	98	78	24
196	390	98	80	26
197	396	98	81	23
198	397	97	82	25
199	403	94	75	26
200	403	92	78	29
201	405	91	75	29
202	405	93	74	32
203	403	96	76	29
204	403	96	73	30
205	405	91	65	46
206	395	89	80	52
207	395	94	74	42
208	403	95	66	43
209	400	91	70	48
210	404	91	66	53
211	398	95	78	51
212	405	95	67	51
213	411	98	62	45
214	410	98	65	47
215	411	100	64	46
216	412	100	64	49
217	418	105	65	46
218	408	98	75	57
219	415	104	66	50
220	416	104	69	56
221	416	106	68	52
222	417	109	70	52
223	418	109	74	54
224	426	115	63	44
225	416	110	75	53
226	423	114	68	47
227	426	111	64	53
228	427	112	71	52
229	426	113	73	52
230	431	117	68	47
231	435	116	62	46
232	435	119	68	44
233	439	115	64	47
234	436	115	63	46
235	436	115	63	45
236	439	117	58	45
237	436	116	62	44
238	431	113	67	47
239	439	118	58	45
240	445	117	56	49
241	446	121	52	47
242	435	122	61	47
243	431	118	65	57
244	433	122	64	53
245	439	125	58	56
246	438	127	54	51
247	444	132	48	52
248	435	124	56	62
249	440	132	45	51
250	446	139	32	51
251	449	147	28	49
252	443	143	35	53
253	449	150	28	54
254	444	146	34	60
255	442	147	34	54
256	438	143	40	62
257	443	143	30	55
258	440	147	37	53
259	437	142	43	57
260	438	144	39	53
261	436	150	34	46
262	441	141	30	52
263	439	144	31	49
264	415	155	57	71
265	417	160	52	62
266	419	157	52	65
267	415	152	56	74
268	416	158	53	65
269	413	152	58	78
270	412	159	55	67
271	413	153	56	71
272	406	158	62	73
273	405	156	61	76
274	406	166	56	76
275	403	167	60	75
276	404	162	58	77
277	401	162	61	80
278	401	165	61	79
279	398	171	61	74
280	398	170	57	77
281	397	164	60	84
282	393	153	77	97
283	396	153	73	99
284	397	158	66	92
285	392	158	71	97
286	393	158	64	88
287	392	157	67	94
288	390	168	64	84
289	391	166	61	81
290	391	167	61	85
291	388	161	72	97
292	386	167	68	91
293	386	167	64	96
294	382	171	63	93
295	378	173	61	91
296	381	183	57	78
297	381	182	56	82
298	380	186	55	76
299	374	187	67	83
300	365	182	82	99
301	368	181	72	95
302	365	189	70	82
303	363	181	87	100
304	364	182	82	96
305	358	185	88	95
306	353	188	91	96
307	358	188	80	93
308	353	190	82	92
309	351	193	87	89
310	346	189	95	96
