frame	x	y	width	height
1	391	184	109	141
2	388	187	119	142
3	392	188	119	142
4	390	189	118	141
5	390	186	118	141
6	391	187	117	141
7	392	187	117	140
8	392	188	116	140
9	393	188	116	139
10	394	189	115	139
11	395	189	115	139
12	396	190	114	138
13	397	190	114	138
14	398	191	113	138
15	398	191	113	137
16	399	192	113	137
17	400	192	112	136
18	401	193	112	136
19	402	193	111	136
20	403	193	111	135
21	403	194	110	135
22	404	194	110	135
23	405	195	109	134
24	406	195	109	134
25	407	196	108	133
26	407	196	108	133
27	408	196	107	133
28	408	196	107	132
29	409	197	106	132
30	410	197	106	132
31	410	197	105	131
32	411	197	105	131
33	411	197	104	130
34	412	197	104	130
35	412	197	103	130
36	413	198	103	129
37	413	198	102	129
38	414	198	102	129
39	415	198	101	128
40	415	198	101	128
41	416	198	100	127
42	416	198	100	127
43	417	199	99	127
44	417	199	99	126
45	418	199	98	126
46	418	199	98	126
47	419	199	97	125
48	420	199	97	125
49	420	200	96	124
50	421	200	96	124
51	421	200	95	124
52	422	200	95	123
53	422	200	95	123
54	423	200	94	123
55	423	200	94	122
56	428	199	88	121
57	432	198	82	120
58	436	197	76	120
59	440	196	70	119
60	445	195	65	118
61	449	194	59	117
62	453	193	53	116
63	454	192	54	115
64	454	190	56	117
65	455	187	57	120
66	455	184	59	123
67	452	185	68	124
68	449	187	76	124
69	446	189	85	124
70	444	190	94	125
71	441	192	103	125
72	438	194	112	125
73	439	196	111	124
74	441	197	111	123
75	442	199	111	122
76	444	201	111	122
77	449	203	103	114
78	454	206	95	107
79	459	208	88	100
80	464	211	80	93
81	469	213	72	86
82	474	216	65	79
83	474	214	69	84
84	474	213	73	88
85	474	212	77	93
86	474	211	82	98
87	474	210	86	102
88	474	209	90	107
89	474	208	94	112
90	474	207	99	116
91	474	206	103	121
92	474	205	107	126
93	474	204	111	130
94	474	203	116	135
95	475	203	116	136
96	475	203	117	136
97	476	204	117	136
98	477	204	117	137
99	477	204	118	137
100	478	204	118	138
101	478	204	119	138
102	482	206	113	135
103	485	207	107	133
104	489	209	101	130
105	493	211	95	127
106	496	213	90	124
107	500	214	84	121
108	504	216	78	119
109	507	218	72	116
110	511	220	66	113
111	515	221	60	110
112	519	223	55	108
113	519	224	55	106
114	519	225	56	105
115	519	225	57	104
116	520	226	58	102
117	520	227	58	101
118	520	228	59	100
119	520	228	60	98
120	521	229	61	97
121	521	230	62	96
122	521	231	62	95
123	521	231	63	93
124	522	232	64	92
125	519	232	76	95
126	517	232	89	98
127	515	231	101	102
128	513	231	113	105
129	509	225	125	110
130	517	225	117	111
131	509	226	145	107
132	509	224	150	111
133	508	222	155	115
134	507	219	161	118
135	506	217	166	122
136	507	216	163	124
137	508	216	160	126
138	508	215	157	128
139	510	215	159	127
140	512	214	161	126
141	508	216	163	125
142	511	218	158	124
143	514	220	152	124
144	513	219	154	128
145	513	218	155	133
146	512	217	157	137
147	518	218	149	136
148	523	220	142	136
149	529	221	134	136
150	534	222	126	135
151	540	224	119	135
152	544	225	116	127
153	545	233	113	118
154	546	241	110	110
155	547	248	107	102
156	561	264	79	78
157	550	263	102	86
158	551	271	99	78
159	546	273	96	70
160	541	277	94	69
161	536	281	92	68
162	534	276	90	70
163	533	272	89	73
164	531	267	88	76
165	529	263	87	79
166	527	258	86	82
167	526	254	85	85
168	524	249	83	87
169	522	245	82	90
170	521	240	81	93
171	521	236	74	97
172	521	233	66	102
173	521	229	59	107
174	509	228	70	110
175	498	228	81	114
176	486	227	92	117
177	475	226	103	121
178	463	226	114	124
179	457	224	117	126
180	451	222	121	128
181	445	220	124	130
182	439	218	127	133
183	433	216	130	135
184	436	223	115	120
185	424	214	129	135
186	422	214	125	133
187	420	215	121	132
188	417	215	117	130
189	414	213	120	131
190	412	214	120	127
191	409	215	120	124
192	407	215	121	120
193	405	216	121	116
194	402	217	122	112
195	400	218	122	109
196	397	219	122	105
197	395	220	123	101
198	392	219	126	103
199	388	219	129	105
200	385	218	133	106
201	382	217	136	108
202	379	217	139	110
203	375	216	143	111
204	372	215	146	113
205	369	214	149	115
206	365	214	153	117
207	362	213	156	118
208	359	206	166	118
209	353	207	176	117
210	347	209	186	117
211	346	208	185	118
212	346	208	184	120
213	346	208	183	122
214	346	207	182	123
215	346	207	181	125
216	345	206	180	127
217	345	206	180	128
218	345	206	179	130
219	345	205	178	131
220	345	205	177	133
221	344	205	176	135
222	344	204	175	136
223	344	204	174	138
224	346	204	171	136
225	347	204	167	133
226	349	203	164	131
227	351	203	160	129
228	353	203	157	126
229	355	203	154	124
230	356	203	150	122
231	358	203	147	119
232	360	203	143	117
233	362	203	140	115
234	361	204	136	113
235	361	205	133	110
236	360	206	130	108
237	360	208	126	106
238	359	209	123	103
239	359	210	119	101
240	358	211	116	99
241	358	213	112	96
242	358	214	109	94
243	349	214	116	97
244	340	214	123	100
245	331	213	130	103
246	333	219	130	96
247	335	225	130	90
248	337	230	131	83
249	339	236	131	77
250	338	239	135	76
251	336	241	138	75
252	335	221	140	110
253	337	221	136	113
254	339	220	131	117
255	344	218	122	112
256	349	216	113	108
257	355	214	104	103
258	354	206	103	110
259	353	199	103	116
260	352	192	102	123
261	351	184	101	129
262	350	177	101	136
263	349	170	100	142
264	348	163	100	149
265	348	163	95	148
266	348	163	90	148
267	348	163	86	148
268	348	164	81	147
269	348	164	77	147
270	348	164	72	147
271	348	164	68	147
272	348	164	63	146
273	348	165	59	146
274	342	165	65	148
275	336	166	71	151
276	331	167	77	153
277	325	168	84	156
278	320	170	87	154
279	316	172	89	152
280	311	174	92	151
281	307	176	95	149
282	302	179	98	147
283	297	181	101	146
284	289	184	107	144
285	281	187	114	142
286	273	190	121	141
287	272	196	113	133
288	270	202	106	125
289	269	209	99	116
290	264	208	101	118
291	259	207	104	120
292	253	206	106	122
293	248	205	108	124
294	243	204	111	125
295	238	203	113	127
296	232	202	115	129
297	227	201	117	131
298	222	200	120	133
299	217	199	122	134
300	211	198	124	136
301	212	195	124	138
302	212	192	123	139
303	212	189	122	141
304	212	185	122	142
305	212	182	121	144
306	213	179	120	145
307	213	176	119	147
308	213	173	119	148
309	213	170	118	150
310	213	166	117	152
311	214	163	116	153
312	214	163	115	155
313	215	163	113	156
314	216	163	112	158
315	216	163	110	159
316	217	163	109	161
317	217	163	107	162
318	218	163	106	164
319	219	159	104	166
320	219	155	102	168
321	220	151	100	170
322	220	147	98	172
323	221	143	96	174
324	221	139	94	177
325	222	135	92	179
326	220	122	90	185
327	220	116	88	191
328	221	114	83	185
329	222	111	79	179
330	224	109	74	174
331	225	107	70	168
332	226	105	66	162
333	228	102	61	156
334	229	100	57	150
335	230	98	52	144
336	232	96	48	139
337	231	96	49	141
338	231	96	49	144
339	230	96	50	147
340	230	96	51	150
341	230	97	52	152
342	229	97	52	155
343	229	97	53	158
344	229	97	54	161
345	228	98	54	164
346	228	98	55	166
347	228	98	56	169
348	227	98	56	172
349	227	99	57	175
350	227	99	58	178
351	226	99	58	180
352	226	108	62	174
353	225	117	66	168
354	224	125	70	162
355	224	134	73	156
356	223	143	77	149
357	222	152	81	143
358	222	160	84	137
359	221	169	88	131
360	222	180	82	122
361	224	189	76	114
362	226	198	70	106
363	228	201	65	98
364	227	193	64	102
365	226	186	64	107
366	225	179	63	112
367	225	172	63	116
368	224	165	62	121
369	223	158	62	126
370	222	151	61	130
371	222	144	61	135
372	221	137	60	140
373	220	129	60	144
374	219	122	59	149
375	219	115	59	154
376	219	112	58	159
377	219	109	58	163
378	219	106	57	168
379	220	103	57	173
380	221	104	56	177
381	222	106	56	182
382	221	107	56	179
383	220	108	57	175
384	220	109	58	172
385	219	110	59	168
386	221	101	62	170
387	227	100	65	172
388	232	98	67	175
389	238	97	69	177
390	243	95	71	179
391	249	94	73	181
392	245	93	85	182
393	249	91	89	184
394	252	93	86	183
395	255	95	84	183
396	258	98	81	182
397	261	100	79	181
398	264	102	76	180
399	267	104	73	179
400	270	106	71	178
401	271	107	72	180
402	270	108	78	183
403	269	108	84	185
404	267	109	90	187
405	269	103	72	194
406	264	101	79	199
407	264	104	80	195
408	264	107	80	191
409	265	110	81	188
410	261	110	81	188
411	258	111	82	188
412	254	111	82	188
413	251	112	83	188
414	247	112	83	188
415	255	111	68	188
416	252	113	70	181
417	249	115	72	174
418	246	116	76	175
419	242	118	80	176
420	239	119	84	176
421	235	121	88	177
422	232	122	91	178
423	233	123	88	176
424	235	123	85	174
425	237	123	82	172
426	239	123	79	170
427	241	124	76	168
428	243	124	73	167
429	245	124	70	165
430	244	123	70	166
431	243	122	70	167
432	241	122	71	168
433	240	121	71	169
434	239	120	71	170
435	238	119	71	171
436	237	118	71	172
437	236	117	71	173
438	235	116	72	174
439	234	115	72	175
440	233	115	72	176
441	231	114	72	177
442	230	113	73	178
443	228	113	74	179
444	227	112	75	180
445	225	112	76	181
446	224	111	77	182
447	222	111	78	183
448	220	110	79	184
449	219	110	80	185
450	219	110	74	185
451	219	110	68	185
452	220	110	62	184
453	220	111	56	184
454	217	112	59	181
455	213	114	62	178
456	209	115	67	177
457	201	115	80	176
458	201	114	79	178
459	202	112	79	180
460	202	111	79	182
461	203	109	78	183
462	204	108	78	185
463	204	107	77	187
464	205	105	77	189
465	205	104	77	191
