frame	PSR
2	9.35963
3	9.15713
4	9.58521
5	8.91202
6	8.68859
7	8.47713
8	8.89629
9	8.35641
10	8.71099
11	8.50542
12	8.94281
13	8.82316
14	8.6146
15	8.09312
16	9.06781
17	9.09901
18	8.44672
19	8.81672
20	8.96589
21	9.13975
22	9.24714
23	9.59066
24	9.24104
25	9.32812
26	9.25507
27	8.61199
28	8.92024
29	8.91366
30	9.05735
31	8.92955
32	9.05662
33	8.19551
34	8.05776
35	8.35748
36	8.259
37	8.32227
38	8.42602
39	8.69063
40	8.83621
41	9.25045
42	9.32567
43	8.85691
44	8.86419
45	8.84673
46	8.79874
47	8.69964
48	8.77145
49	8.59631
50	8.72567
51	9.00971
52	8.93569
53	8.82104
54	8.75062
55	9.45057
56	9.25664
57	9.20238
58	9.10182
59	9.12159
60	9.20292
61	9.00151
62	9.31337
63	8.9976
64	8.76087
65	8.69719
66	8.88364
67	8.55023
68	8.33389
69	8.5278
70	8.00426
71	8.43811
72	8.19526
73	8.30113
74	8.07961
75	7.64919
76	7.52757
77	6.73284
78	6.35404
79	5.86266
80	5.57574
81	5.60544
82	5.81892
83	5.24664
84	5.60464
85	5.63274
86	5.87749
87	5.39024
88	5.5131
89	4.47139
90	4.28257
91	4.25377
92	4.81311
93	4.63077
94	4.25648
95	3.54706
96	3.72013
97	5.5845
98	5.55153
99	4.95191
100	4.92445
101	4.2656
102	4.97111
103	5.07035
104	5.42256
105	5.19815
106	5.18544
107	5.37809
108	5.76894
109	5.58784
110	5.98505
111	6.08752
112	5.3928
113	5.41454
114	5.44111
115	4.55939
116	3.73699
117	5.02751
118	4.1378
119	4.47624
120	4.71084
121	5.04533
122	5.28
123	5.21206
124	5.48543
125	5.60534
126	5.28065
127	5.41835
128	5.28059
129	5.42789
130	5.56466
131	5.52615
132	6.40012
133	5.93401
134	5.40989
135	6.05608
136	6.24545
137	5.93988
138	6.03032
139	6.01832
140	6.1024
141	5.7661
142	6.36025
143	5.5625
144	5.63686
145	6.01087
146	5.86538
147	5.72026
148	6.14284
149	6.23545
150	6.09888
151	6.39449
152	5.79144
153	6.27595
154	6.29371
155	5.98223
156	5.99724
157	5.8409
158	5.50571
159	5.52216
160	5.36696
161	6.33124
162	6.11147
163	6.92228
164	5.95625
165	5.93833
166	5.99207
167	5.93165
168	6.31324
169	6.01933
170	6.56105
171	6.48514
172	7.03228
173	6.43152
174	6.38426
175	6.4216
176	6.05344
177	7.12002
178	6.62783
179	6.59616
180	7.06136
181	6.56279
182	6.90106
183	6.88118
184	7.11275
185	7.12452
186	7.12789
187	7.2546
188	6.88106
189	7.26032
190	7.28472
191	7.0118
192	6.65295
193	7.21378
194	6.67588
195	7.17011
196	7.2367
197	7.19073
198	7.2758
199	7.11998
200	7.09418
201	7.34748
202	7.21198
203	7.45184
204	7.25465
205	7.116
206	7.28575
207	7.41627
208	7.35537
209	7.39117
210	7.46989
211	7.46869
212	7.1643
213	7.15299
214	7.3995
215	7.47307
216	7.3805
217	7.52035
218	7.39258
219	7.44482
220	7.32944
221	7.47538
222	7.34194
223	7.52483
224	7.71487
225	7.48604
226	7.55581
227	7.53803
228	7.54185
229	7.4742
230	7.68162
231	7.58417
232	7.41123
233	7.65443
234	7.31796
235	7.72272
236	7.58345
237	7.45389
238	7.6449
239	7.54237
240	7.59928
241	7.65938
242	7.80621
243	7.5282
244	7.7705
245	7.68213
246	7.57298
247	7.6008
248	7.75739
249	7.63266
250	7.71804
251	7.75162
252	7.48656
253	7.55779
254	7.65687
255	7.65077
256	7.74858
257	7.50581
258	7.80527
259	7.76607
260	7.37561
261	7.83818
262	7.74545
263	7.84071
264	7.92028
265	7.91243
266	7.87473
267	7.4916
268	7.81751
269	7.92789
270	7.64095
271	7.85829
272	7.79851
273	7.78358
274	7.6904
275	7.66776
276	8.03167
277	7.57793
278	7.73872
279	7.41816
280	7.62506
281	7.60612
282	7.60459
283	7.68174
284	7.62681
285	7.69534
286	7.62976
287	7.77314
288	7.66193
289	7.75887
290	7.65302
291	7.91842
292	8.03862
293	7.99271
294	8.18956
295	8.0414
296	7.72758
297	7.88451
298	7.97908
299	8.00183
300	7.94474
301	8.13477
302	8.27804
303	7.94683
304	8.00352
305	8.06173
306	8.08582
307	8.16556
308	7.95785
309	7.84536
310	7.85763
311	8.24791
312	8.15213
313	8.19735
314	8.16559
315	7.82988
316	7.94453
317	7.94119
318	7.86976
319	8.1182
320	8.23345
321	7.89308
322	8.01241
323	8.06924
324	7.82123
325	7.8141
326	7.83212
327	7.99696
328	7.95002
329	8.02099
330	7.75508
331	7.94477
332	7.86104
333	7.72961
334	7.24216
335	7.59725
336	7.2056
337	7.15732
338	6.68435
339	6.87572
340	7.03112
341	6.99424
342	7.38926
343	6.92494
344	7.38398
345	7.35037
346	7.37402
347	7.39876
348	7.12573
349	7.07232
350	5.76696
351	6.30159
352	7.30703
353	7.14186
354	7.19786
355	7.11659
356	6.98728
357	7.17722
358	6.99882
359	6.75349
360	6.61231
361	6.48782
362	7.11776
363	6.75037
364	6.67609
365	6.89509
366	7.13254
367	7.14285
368	6.95086
369	7.36266
370	6.85413
371	6.99444
372	6.59186
373	6.9386
374	6.61313
375	7.00761
376	6.93847
377	6.20117
378	6.27531
379	6.9868
380	6.80019
381	6.9921
382	6.36698
383	6.59344
384	6.49854
385	6.91448
386	6.63353
387	6.72959
388	7.01245
389	6.89865
390	6.5924
391	6.69659
392	6.84145
393	7.00351
394	6.99151
395	7.15816
396	7.02271
397	6.62027
398	6.58385
399	6.38442
400	6.90291
401	6.97684
402	5.92209
403	6.5044
404	6.62253
405	6.06707
406	6.34078
407	6.43315
408	6.79608
409	6.65686
410	6.62637
411	6.63249
412	6.69215
413	6.11351
414	6.28872
415	6.60632
416	6.44056
417	6.67872
418	6.51705
419	6.53022
420	6.25588
421	6.66638
422	6.79598
423	6.68923
424	6.57344
425	7.03371
426	6.84197
427	6.8723
428	6.83612
429	6.84761
430	6.67838
431	6.72359
432	6.55445
433	6.98764
434	6.64937
435	6.29131
436	6.93265
437	6.60592
438	6.93138
439	6.98535
440	7.10836
441	6.84987
442	6.8871
443	6.42838
444	6.77355
445	6.87548
446	6.92544
447	6.58925
448	6.94667
449	6.54957
450	7.02853
451	7.31799
452	6.95838
453	6.87279
454	7.05249
455	6.73758
456	7.15827
457	6.46632
458	7.05739
459	7.23859
460	7.10051
461	6.86535
462	7.05602
463	6.59778
464	6.76205
465	7.24883
466	6.9206
467	7.09107
468	7.1193
469	7.15663
470	7.1461
471	7.20812
472	6.94692
473	7.35944
474	7.23344
475	7.50902
476	7.30164
477	7.30131
478	7.43501
479	7.57211
480	7.47012
481	7.68949
482	7.30697
483	7.69397
484	7.05258
485	7.25943
486	6.99796
487	7.405
488	7.33645
489	7.47814
490	7.32976
491	7.33526
492	7.38623
493	7.19326
494	7.48674
495	7.22415
496	7.54187
497	7.26132
498	7.1357
499	7.37811
500	7.55258
501	7.14646
502	7.14851
503	6.95242
504	7.61924
505	7.22158
506	7.48954
507	7.4508
508	7.34274
509	7.34001
510	7.3397
511	7.53027
512	7.47748
513	7.51914
514	7.48046
515	7.42807
516	7.27328
517	7.40611
518	7.13238
519	7.27016
520	7.34763
521	7.21969
522	7.29761
523	7.17934
524	7.32432
525	7.56698
526	7.12463
527	7.64595
528	7.83064
529	7.56357
530	7.70195
531	7.29792
532	6.79768
533	7.4428
534	7.29258
535	7.21335
536	7.48211
537	7.34032
538	7.4837
539	7.55123
540	7.49533
541	7.15829
542	7.31293
543	7.39732
544	7.23871
545	7.47626
546	7.25897
547	7.4428
548	7.26158
549	7.35706
550	7.40791
551	7.39985
552	7.41098
553	7.37029
554	7.37004
555	7.09718
556	7.48309
557	7.37772
558	7.27953
559	7.45008
560	7.68488
561	7.69155
562	7.74325
563	7.65599
564	7.31576
565	7.64431
566	7.4028
