frame	x	y	width	height
2	162	54	48	177
3	163	53	48	177
4	162	53	48	177
5	163	52	48	177
6	164	52	48	177
7	164	52	48	177
8	165	58	46	169
9	163	52	48	177
10	163	51	48	177
11	161	50	48	177
12	160	50	48	177
13	157	50	48	177
14	158	54	46	169
15	155	55	46	169
16	151	50	48	177
17	148	50	48	177
18	147	50	48	177
19	146	51	48	177
20	145	51	48	177
21	145	55	46	169
22	146	55	46	169
23	145	55	46	169
24	145	55	46	169
25	145	58	44	161
26	145	58	44	161
27	144	58	44	161
28	144	57	44	161
29	144	56	44	161
30	144	56	44	161
31	144	55	44	161
32	145	55	44	161
33	144	50	46	169
34	144	51	46	169
35	143	50	46	169
36	143	50	46	169
37	142	46	48	177
38	144	48	46	169
39	142	43	48	177
40	143	43	48	177
41	141	41	48	177
42	140	40	48	177
43	139	41	48	177
44	139	41	48	177
45	140	43	48	177
46	140	42	48	177
47	141	42	48	177
48	143	41	48	177
49	144	45	46	169
50	144	45	46	169
51	145	39	48	177
52	145	34	50	186
53	146	39	50	186
54	146	36	50	186
55	147	35	50	186
56	147	35	50	186
57	146	27	53	195
58	147	26	53	195
59	147	28	53	195
60	148	33	50	186
61	153	34	50	186
62	153	36	50	186
63	153	34	50	186
64	153	35	50	186
65	154	27	53	195
66	157	28	53	195
67	158	27	53	195
68	158	29	53	195
69	163	34	50	186
70	165	36	50	186
71	169	36	50	186
72	171	36	50	186
73	174	31	53	195
74	177	31	53	195
75	181	33	50	186
76	182	27	53	195
77	186	29	53	195
78	188	35	50	186
79	193	34	50	186
80	196	38	50	186
81	200	35	50	186
82	202	33	50	186
83	203	35	50	186
84	203	28	53	195
85	203	31	53	195
86	203	31	53	195
87	204	28	53	195
88	205	21	56	205
89	204	15	58	215
90	204	13	58	215
91	204	19	56	205
92	206	25	53	195
93	206	25	53	195
94	207	25	53	195
95	208	28	53	195
96	207	29	53	195
97	209	31	53	195
98	212	39	50	186
99	217	45	48	177
100	221	50	46	169
101	224	58	44	161
102	226	63	41	153
103	226	62	44	161
104	226	63	44	161
105	227	63	44	161
106	228	68	41	153
107	228	69	41	153
108	228	69	41	153
109	229	69	41	153
110	230	69	41	153
111	231	70	41	153
112	230	65	44	161
113	231	64	44	161
114	231	66	44	161
115	230	65	44	161
116	229	64	44	161
117	222	63	44	161
118	221	64	44	161
119	218	65	44	161
120	216	68	44	161
121	214	72	41	153
122	210	71	41	153
123	208	76	39	146
124	203	76	39	146
125	199	77	41	153
126	189	28	41	153
127	186	29	39	146
128	185	25	39	146
129	182	21	41	153
130	181	24	41	153
131	180	27	39	146
132	177	27	39	146
133	174	23	41	153
134	173	22	41	153
135	172	22	41	153
136	171	22	41	153
137	170	19	44	161
138	170	15	46	169
139	171	13	46	169
140	171	12	46	169
141	174	13	46	169
142	175	11	46	169
143	177	15	44	161
144	179	15	44	161
145	182	16	44	161
146	185	20	41	153
147	186	19	41	153
148	187	18	41	153
149	187	17	41	153
150	187	12	44	161
151	188	11	44	161
152	188	7	46	169
153	188	6	46	169
154	189	6	46	169
155	190	5	46	169
156	192	9	44	161
157	193	14	41	153
158	192	14	41	153
159	192	15	41	153
160	191	14	41	153
161	191	15	41	153
162	191	15	41	153
163	192	19	39	146
164	192	19	39	146
165	191	15	41	153
166	192	14	41	153
167	192	14	41	153
168	192	15	41	153
169	192	15	41	153
170	193	15	41	153
171	193	16	41	153
172	192	20	41	153
173	190	18	41	153
174	190	19	41	153
175	190	20	41	153
176	189	24	41	153
177	188	19	44	161
178	190	22	41	153
179	191	23	41	153
180	193	27	41	153
181	194	28	41	153
182	196	24	41	153
183	198	24	41	153
184	201	23	41	153
185	202	18	41	153
186	204	13	44	161
187	206	12	44	161
188	208	8	44	161
189	209	8	44	161
190	209	8	44	161
191	210	10	44	161
192	210	11	44	161
193	210	8	46	169
194	210	7	46	169
195	211	6	46	169
196	211	2	48	177
197	212	3	48	177
198	212	4	48	177
199	213	4	48	177
200	214	4	48	177
201	215	4	48	177
202	215	2	48	177
203	216	2	48	177
204	216	2	48	177
205	215	2	48	177
206	215	1	48	177
207	213	0	48	177
208	213	0	48	177
209	211	-1	48	177
210	208	-3	48	177
211	207	-4	48	177
212	205	-3	48	177
213	206	1	46	169
214	206	1	46	169
215	206	1	46	169
216	206	0	46	169
217	204	-5	48	177
218	203	-6	48	177
219	204	-1	46	169
220	201	-6	48	177
221	199	-4	48	177
222	198	-2	48	177
223	198	-2	48	177
224	197	-2	48	177
225	197	-1	48	177
226	196	-1	48	177
227	195	-1	48	177
228	194	0	48	177
229	192	-7	50	186
230	191	-8	50	186
231	189	-8	50	186
232	188	-8	50	186
233	187	-8	50	186
234	186	-9	50	186
235	186	-9	50	186
236	185	-8	50	186
237	185	-8	50	186
238	186	-9	50	186
239	186	-8	50	186
240	187	-8	50	186
241	188	-8	50	186
242	189	-9	50	186
243	191	-9	50	186
244	193	-10	50	186
245	194	-10	50	186
246	194	-11	50	186
247	194	-11	50	186
248	193	-12	50	186
249	191	-12	50	186
250	189	-12	50	186
251	188	-13	50	186
252	186	-13	50	186
253	184	-15	53	195
254	182	-17	56	205
255	180	-16	56	205
256	177	-18	56	205
257	174	-20	56	205
258	172	-18	56	205
259	171	-17	56	205
260	171	-16	56	205
261	171	-15	56	205
262	170	-15	56	205
263	169	-16	56	205
264	169	-17	56	205
265	169	-17	56	205
266	167	-18	56	205
267	166	-19	56	205
268	166	-19	56	205
269	166	-20	56	205
270	166	-20	56	205
271	165	-20	56	205
272	167	-13	53	195
273	166	-13	53	195
274	165	-13	53	195
275	164	-12	53	195
276	162	-16	56	205
277	162	-16	56	205
278	162	-15	56	205
279	163	-14	56	205
280	164	-12	56	205
281	164	-11	56	205
282	164	-11	56	205
283	165	-12	56	205
284	165	-12	56	205
285	166	-12	56	205
286	168	-13	56	205
287	168	-13	56	205
288	169	-11	56	205
289	168	-14	56	205
290	168	-15	56	205
291	168	-15	56	205
292	169	-15	56	205
293	169	-18	56	205
294	168	-17	56	205
295	168	-21	58	215
296	169	-21	58	215
297	171	-20	58	215
298	172	-19	58	215
299	172	-18	58	215
300	171	-18	58	215
301	172	-19	58	215
302	171	-19	58	215
303	172	-20	58	215
304	174	-20	58	215
305	175	-19	58	215
306	177	-20	58	215
307	178	-19	58	215
308	180	-21	58	215
309	182	-23	58	215
310	184	-23	58	215
311	187	-18	56	205
312	188	-16	56	205
313	188	-17	56	205
314	187	-18	56	205
315	187	-19	56	205
316	188	-18	56	205
317	189	-18	56	205
318	190	-16	56	205
319	190	-12	56	205
320	191	-15	56	205
321	188	-14	56	205
322	188	-7	53	195
323	188	-6	53	195
324	188	-4	53	195
325	189	-8	53	195
326	189	-13	53	195
327	186	-15	53	195
328	185	-12	53	195
329	184	-17	56	205
330	184	-16	56	205
331	187	-12	53	195
332	188	-11	53	195
333	187	-16	56	205
334	186	-15	56	205
335	186	-11	56	205
336	185	-11	56	205
337	186	-11	56	205
338	188	-11	56	205
339	190	-11	56	205
340	194	-12	56	205
341	196	-12	56	205
342	199	-13	56	205
343	201	-13	56	205
344	202	-14	56	205
345	204	-17	56	205
346	205	-16	56	205
347	206	-17	56	205
348	207	-18	56	205
349	207	-19	56	205
350	208	-20	56	205
351	208	-25	58	215
352	211	-24	58	215
353	212	-23	58	215
354	213	-21	58	215
355	215	-21	58	215
356	215	-20	58	215
357	215	-19	58	215
358	213	-18	58	215
359	214	-11	56	205
360	211	-11	56	205
361	207	-11	56	205
362	203	-11	56	205
363	199	-12	56	205
364	195	-14	56	205
365	192	-16	56	205
366	194	-15	56	205
367	195	-14	56	205
368	194	-23	58	215
369	195	-20	58	215
370	196	-12	56	205
371	195	-14	56	205
372	194	-11	56	205
373	194	-8	56	205
374	192	-5	56	205
375	189	-4	56	205
376	185	-4	56	205
377	182	-8	56	205
378	180	-4	56	205
379	179	-5	56	205
380	176	-8	56	205
381	172	-3	56	205
382	167	-5	56	205
383	166	2	53	195
384	165	6	50	186
385	164	11	48	177
386	163	9	48	177
387	162	11	48	177
388	161	8	48	177
389	160	9	48	177
390	158	11	48	177
391	157	2	50	186
392	156	1	50	186
393	156	0	50	186
394	156	0	50	186
395	155	2	50	186
396	154	-2	53	195
397	153	-3	53	195
398	153	-2	53	195
399	153	-2	53	195
400	152	-2	53	195
401	150	-6	56	205
402	149	-7	56	205
403	149	-6	56	205
404	148	-6	56	205
405	149	-5	56	205
406	148	-4	56	205
407	148	-2	56	205
408	148	-3	56	205
409	149	-3	56	205
410	149	-2	56	205
411	150	-2	56	205
412	147	-8	58	215
413	147	-7	58	215
414	146	-6	58	215
415	144	-5	58	215
416	143	-5	58	215
417	142	-5	58	215
418	140	-5	58	215
419	140	2	56	205
420	137	4	56	205
421	134	3	56	205
422	131	1	56	205
423	128	-6	58	215
424	127	-9	58	215
425	126	-11	58	215
426	126	-11	58	215
427	126	-12	58	215
428	125	-19	61	226
429	125	-21	61	226
430	126	-15	58	215
431	126	-15	58	215
432	125	-16	58	215
433	124	-22	61	226
434	123	-22	61	226
435	123	-19	61	226
436	122	-17	61	226
437	123	-18	61	226
438	123	-19	61	226
439	125	-14	58	215
440	124	-15	58	215
441	123	-14	58	215
442	122	-21	61	226
443	123	-21	61	226
444	124	-23	61	226
445	125	-23	61	226
446	126	-24	61	226
447	128	-25	61	226
448	132	-18	58	215
449	134	-18	58	215
450	135	-18	58	215
451	135	-18	58	215
452	136	-17	58	215
453	137	-17	58	215
454	138	-15	58	215
455	141	-10	56	205
456	143	-5	53	195
457	143	-6	53	195
458	142	-8	53	195
459	142	-9	53	195
460	141	-15	56	205
461	141	-14	56	205
462	142	-13	56	205
463	141	-13	56	205
464	142	-17	58	215
465	144	-17	58	215
466	145	-17	58	215
467	145	-16	58	215
468	145	-18	58	215
469	144	-18	58	215
470	144	-19	58	215
471	144	-18	58	215
472	142	-22	61	226
473	145	-22	61	226
474	147	-23	61	226
475	149	-17	58	215
476	149	-17	58	215
477	150	-17	58	215
478	152	-11	56	205
479	152	-11	56	205
480	152	-11	56	205
481	152	-12	56	205
482	152	-12	56	205
483	152	-11	56	205
484	153	-9	56	205
485	151	-8	56	205
486	153	-4	53	195
487	153	-5	53	195
488	151	-11	56	205
489	149	-15	58	215
490	149	-14	58	215
491	148	-12	58	215
492	147	-12	58	215
493	145	-12	58	215
494	145	-12	58	215
495	145	-14	58	215
496	146	-15	58	215
497	144	-21	61	226
498	143	-21	61	226
499	141	-21	61	226
500	140	-22	61	226
501	140	-22	61	226
502	141	-22	61	226
503	141	-22	61	226
504	140	-27	64	237
505	143	-23	61	226
506	143	-23	61	226
507	143	-23	61	226
508	144	-23	61	226
509	144	-23	61	226
510	143	-23	61	226
511	142	-22	61	226
512	140	-22	61	226
513	139	-21	61	226
514	138	-19	61	226
515	136	-24	64	237
516	138	-18	61	226
517	139	-19	61	226
518	140	-20	61	226
519	143	-16	58	215
520	143	-17	58	215
521	144	-17	58	215
522	144	-18	58	215
523	144	-18	58	215
524	144	-18	58	215
525	145	-13	56	205
526	145	-14	56	205
527	145	-14	56	205
528	144	-14	56	205
529	144	-15	56	205
530	144	-16	56	205
531	144	-10	53	195
532	144	-5	50	186
533	144	-6	50	186
534	145	-2	48	177
535	144	-2	48	177
536	143	-2	48	177
537	143	2	46	169
538	143	2	46	169
539	142	1	46	169
540	140	1	46	169
541	140	5	44	161
542	139	4	44	161
543	138	4	44	161
544	138	3	44	161
545	137	2	44	161
546	137	1	44	161
547	137	2	44	161
548	137	1	44	161
549	136	1	44	161
550	136	-2	44	161
551	137	3	41	153
552	136	2	41	153
553	136	1	41	153
554	137	1	41	153
555	138	1	41	153
556	139	1	41	153
557	139	0	41	153
558	140	5	39	146
559	141	4	39	146
560	141	3	39	146
561	141	-2	41	153
562	140	-5	44	161
563	140	-6	44	161
564	141	-7	44	161
565	142	-7	44	161
566	143	-5	44	161
567	143	-6	44	161
568	143	-7	44	161
569	142	-10	46	169
570	142	-11	46	169
571	141	-13	46	169
572	142	-14	46	169
573	141	-12	46	169
574	141	-11	46	169
575	142	-9	46	169
576	143	-10	46	169
577	144	-9	46	169
578	143	-11	48	177
579	142	-13	48	177
580	138	-15	50	186
581	137	-16	50	186
582	134	-18	50	186
583	130	-19	50	186
584	128	-20	50	186
585	127	-17	50	186
586	127	-10	50	186
587	127	-6	50	186
588	125	-9	50	186
589	126	-11	50	186
590	124	-16	53	195
591	126	-12	50	186
592	126	-11	50	186
593	127	-9	50	186
594	127	-6	50	186
595	126	-22	50	186
596	127	-19	50	186
597	128	-17	50	186
598	129	-11	48	177
599	130	-11	48	177
600	130	-15	50	186
601	131	-15	50	186
602	131	-15	50	186
603	133	-14	50	186
604	133	-14	50	186
605	133	-16	53	195
606	133	-16	53	195
607	133	-15	53	195
608	132	-16	53	195
609	133	-16	53	195
610	133	-15	53	195
611	134	-16	53	195
612	135	-17	53	195
613	137	-9	50	186
614	138	-8	50	186
615	139	-9	50	186
616	139	-12	50	186
617	140	-12	50	186
618	141	-11	50	186
619	141	-12	50	186
620	141	-13	50	186
621	142	-13	50	186
622	143	-12	50	186
623	143	-14	50	186
624	143	-12	50	186
625	144	-16	50	186
626	145	-16	50	186
627	147	-8	48	177
628	148	-7	48	177
629	149	-6	48	177
630	150	-5	48	177
631	150	-13	50	186
632	151	-13	50	186
633	152	-13	50	186
634	152	-13	50	186
635	151	-16	50	186
636	151	-16	50	186
637	151	-20	53	195
638	151	-21	53	195
639	153	-20	53	195
640	155	-20	53	195
641	157	-20	53	195
642	158	-19	53	195
643	159	-20	53	195
644	161	-17	50	186
645	163	-17	50	186
646	164	-16	50	186
647	165	-15	50	186
648	165	-17	50	186
649	166	-15	50	186
650	166	-16	50	186
651	167	-17	50	186
652	169	-18	50	186
653	171	-18	50	186
654	172	-15	50	186
655	174	-14	50	186
656	175	-15	50	186
657	176	-15	50	186
658	177	-14	50	186
659	177	-14	50	186
660	177	-14	50	186
