frame	ave_fps
2	110.015
3	120.802
4	81.105
5	86.295
6	96.357
7	99.8648
8	100.805
9	103.14
10	108.876
11	114.908
12	120.327
13	124.887
14	127.714
15	128.332
16	132.106
17	135.336
18	138.346
19	139.21
20	141.572
21	143.644
22	146.093
23	148.427
24	150.553
25	149.494
26	151.337
27	153.374
28	154.977
29	154.471
30	155.81
31	157.135
32	158.439
33	157.269
34	158.296
35	159.608
36	160.78
37	159.941
38	160.847
39	162.103
40	163.342
41	164.381
42	165.333
43	165.57
44	165.379
45	166.303
46	167.242
47	168.189
48	169.08
49	168.768
50	169.303
51	170.181
52	170.96
53	171.769
54	170.925
55	171.352
56	172.07
57	172.649
58	173.332
59	173.872
60	173.56
61	173.968
62	174.645
63	175.186
64	175.507
65	175.275
66	175.72
67	176.209
68	176.146
69	175.817
70	176.207
71	176.704
72	177.24
73	177.244
74	176.452
75	176.981
76	177.496
77	177.994
78	178.494
79	176.849
80	177.126
81	177.577
82	178.022
83	178.245
84	178.652
85	178.376
86	178.589
87	178.986
88	179.253
89	179.578
90	179.747
91	179.519
92	179.815
93	180.117
94	180.247
95	180.691
96	181.055
97	181.011
98	180.346
99	180.67
100	181.047
101	181.411
102	181.768
103	181.592
104	181.071
105	181.28
106	181.563
107	181.878
108	182.135
109	182.463
110	182.353
111	182.561
112	182.774
113	183.004
114	182.747
115	182.954
116	182.938
117	183.027
118	182.798
119	182.998
120	183.222
121	183.478
122	183.446
123	183.164
124	183.432
125	183.641
126	183.938
127	183.611
128	183.732
129	183.938
130	184.129
131	183.874
132	183.405
133	183.52
134	183.781
135	183.73
136	183.705
137	183.971
138	184.232
139	184.466
140	184.055
141	184.203
142	184.452
143	184.523
144	184.194
145	184.364
146	184.609
147	184.848
148	185.074
149	184.751
150	184.922
151	185.149
152	185.396
153	185.586
154	185.429
155	185.226
156	185.38
157	185.61
158	185.742
159	185.949
160	186.152
161	186.044
162	186.135
163	186.287
164	186.466
165	186.687
166	186.481
167	186.305
168	186.41
169	186.545
170	186.729
171	186.644
172	186.426
173	186.619
174	186.832
175	186.928
176	186.626
177	186.745
178	186.923
179	187.081
180	186.519
181	186.549
182	186.731
183	186.845
184	186.689
185	186.768
186	186.897
187	187.048
188	187.187
189	187.045
190	187.166
191	187.336
192	187.047
193	187.187
194	187.356
195	187.231
196	187.284
197	187.431
198	187.604
199	187.764
200	187.855
201	187.676
202	187.752
203	187.913
204	188.063
205	188.213
206	187.886
207	188.023
208	188.17
209	188.29
210	187.988
211	188.088
212	188.217
213	188.354
214	188.448
215	188.207
216	188.24
217	188.377
218	188.469
219	188.356
220	188.47
221	188.577
222	188.625
223	188.428
224	188.55
225	188.544
226	188.339
227	187.941
228	187.883
229	188.008
230	188.141
231	187.994
232	188.055
233	188.19
234	188.32
235	188.235
236	188.255
237	188.401
238	188.528
239	188.355
240	188.185
241	188.319
242	188.271
243	188.301
244	188.427
245	188.556
246	188.686
247	188.817
248	188.669
249	188.737
250	188.766
251	188.889
252	188.974
253	188.767
254	188.856
255	188.977
256	189.09
257	189.14
258	188.974
259	189.06
260	189.19
261	189.273
262	189.08
263	189.193
264	189.305
265	189.347
266	189.112
267	189.187
268	189.239
269	189.339
270	189.28
271	189.243
272	189.325
273	189.404
274	189.517
275	189.314
276	189.341
277	189.428
278	189.524
279	189.48
280	189.419
281	189.527
282	189.634
283	189.75
284	189.602
285	189.456
286	189.565
287	189.668
288	189.237
289	189.304
290	189.368
291	189.46
292	189.553
293	189.367
294	189.43
295	189.533
296	189.633
297	189.698
298	189.495
299	189.595
300	189.624
301	189.705
302	189.796
303	189.662
304	189.728
305	189.751
306	189.849
307	189.933
308	189.795
309	189.778
310	189.86
311	189.948
312	189.976
313	189.823
314	189.864
315	189.972
316	190.076
317	190.169
318	190.005
319	190.087
320	190.187
321	190.272
322	189.841
323	189.91
324	189.991
325	189.983
326	189.859
327	189.91
328	190.003
329	190.069
330	190.123
331	190.215
332	190.292
333	190.385
334	190.476
335	190.567
336	190.636
337	190.339
338	190.383
339	190.425
340	190.508
341	190.467
342	190.482
343	190.529
344	190.594
345	190.68
346	190.766
347	190.716
348	190.695
349	190.776
350	190.858
351	190.936
352	190.838
353	190.875
354	190.938
355	191.013
356	191.099
357	191.135
358	191.115
359	191.07
360	191.11
361	191.185
362	191.086
363	191.136
364	191.185
365	191.226
366	191.302
367	191.259
368	191.242
369	191.295
370	191.35
371	191.42
372	191.312
373	191.067
374	191.108
375	191.174
376	191.244
377	191.186
378	190.981
379	191.059
380	191.139
381	191.202
382	191.077
383	191.109
384	191.164
385	191.249
386	191.343
387	191.252
388	191.269
389	191.342
390	191.414
391	191.48
392	191.394
393	191.406
394	191.48
395	191.532
396	191.584
397	191.508
398	191.554
399	191.626
400	191.675
401	191.584
402	191.63
403	191.7
404	191.742
405	191.798
406	191.692
407	191.743
408	191.798
409	191.853
410	191.811
411	191.709
412	191.73
413	191.772
414	191.839
415	191.91
416	191.848
417	191.82
418	191.876
419	191.938
420	192.001
421	191.791
422	191.648
423	191.708
424	191.767
425	191.656
426	191.582
427	191.621
428	191.652
429	191.531
430	191.589
431	191.635
432	191.69
433	191.661
434	191.707
435	191.691
436	191.739
437	191.603
438	191.59
439	191.656
440	191.723
441	191.775
442	191.578
443	191.6
444	191.665
445	191.724
446	191.673
447	191.608
448	191.668
449	191.728
450	191.795
451	191.733
452	191.605
453	191.664
454	191.715
455	191.745
456	191.666
457	191.706
458	191.734
459	191.774
460	191.673
461	191.699
462	191.76
463	191.8
464	191.837
465	191.661
466	191.687
467	191.711
468	191.476
469	191.459
470	191.438
471	191.485
472	191.413
473	191.414
474	191.468
475	191.523
476	191.494
477	191.431
478	191.494
479	191.561
480	191.618
481	191.338
482	191.396
483	191.457
484	191.522
485	191.581
486	191.466
487	191.446
488	191.508
489	191.57
490	191.507
491	191.396
492	191.427
493	191.471
494	191.518
495	191.552
496	191.613
497	191.596
498	191.637
499	191.681
500	191.733
501	191.664
502	191.678
503	191.717
504	191.779
505	191.828
506	191.79
507	191.798
508	191.855
509	191.912
510	191.959
511	191.772
512	191.816
513	191.855
514	191.911
515	191.779
516	191.738
517	191.707
518	191.703
519	191.539
520	191.556
521	191.512
522	191.301
523	191.333
524	191.339
525	191.379
526	191.285
527	191.304
528	191.351
529	191.02
530	190.997
531	191.053
532	191.111
533	191.081
534	191.071
535	191.124
536	191.171
537	191.223
538	191.129
539	191.137
540	191.197
541	191.241
542	191.139
543	191.172
544	191.229
545	191.286
546	191.336
547	191.231
548	191.263
549	191.322
550	191.382
551	191.372
552	191.308
553	191.311
554	191.367
555	191.399
556	191.446
557	191.355
558	191.389
559	191.436
560	191.486
561	191.45
562	191.296
563	191.328
564	191.378
565	191.329
566	191.34
567	191.389
568	191.436
569	191.487
570	191.444
571	191.458
572	191.503
573	191.552
574	191.604
575	191.468
576	191.523
577	191.442
578	191.494
579	191.46
580	191.481
581	191.534
582	191.594
583	191.638
584	191.677
585	191.616
586	191.64
587	191.692
588	191.733
589	191.698
590	191.705
591	191.749
592	191.776
593	191.82
594	191.78
595	191.712
596	191.743
597	191.777
598	191.83
599	191.877
600	191.835
601	191.847
602	191.885
603	191.932
604	191.967
605	191.947
606	191.844
607	191.865
608	191.91
609	191.958
610	192.003
611	191.844
612	191.756
613	191.692
614	191.685
615	191.607
616	191.634
617	191.687
618	191.728
619	191.773
620	191.804
621	191.719
622	191.731
623	191.771
624	191.822
625	191.867
626	191.902
627	191.878
628	191.896
629	191.929
630	191.976
631	192.024
632	192.073
633	192.015
634	192.037
635	192.082
636	192.124
637	192.14
638	192.181
639	192.158
640	192.08
641	192.115
642	192.159
643	192.207
644	192.251
645	192.211
646	192.203
647	192.247
648	192.282
649	192.329
650	192.373
651	192.291
652	192.304
653	192.346
654	192.391
655	192.339
656	192.258
657	192.299
658	192.344
659	192.375
660	192.403
