frame	ave_fps
2	56.3733
3	57.3277
4	53.5835
5	55.5267
6	55.5222
7	53.4125
8	57.4965
9	62.0149
10	66.1709
11	69.2934
12	72.0436
13	75.1034
14	77.4336
15	79.6036
16	81.3724
17	81.6985
18	83.2711
19	85.1678
20	86.7888
21	88.1366
22	89.1761
23	90.4746
24	91.7501
25	92.5129
26	93.0505
27	93.8789
28	94.9644
29	96.0187
30	96.5889
31	94.4072
32	91.9587
33	92.1956
34	92.8048
35	93.6228
36	94.3519
37	94.7758
38	95.1752
39	94.4771
40	95.0082
41	95.4583
42	95.7574
43	95.5923
44	95.9151
45	96.2921
46	96.8118
47	97.3183
48	97.696
49	98.0663
50	98.5944
51	98.9941
52	98.9151
53	99.1779
54	99.6018
55	100.12
56	100.606
57	100.364
58	100.454
59	100.354
60	100.498
61	100.984
62	101.401
63	101.739
64	102.075
65	102.521
66	101.061
67	101.375
68	101.556
69	101.817
70	102.175
71	102.522
72	102.753
73	102.979
74	102.673
75	102.641
76	102.83
77	103.083
78	103.417
79	103.586
80	103.621
81	103.795
82	103.748
83	103.991
84	104.277
85	104.569
86	104.68
87	104.262
88	104.41
89	104.694
90	104.925
91	105.078
92	105.269
93	105.464
94	105.729
95	105.815
96	105.869
97	105.886
98	105.618
99	105.809
100	106.024
101	104.544
102	104.593
103	104.779
104	104.983
105	105.207
106	105.364
107	105.541
108	105.746
109	105.787
110	104.423
111	104.473
112	104.651
113	104.852
114	104.858
115	104.747
116	104.786
117	104.873
118	105.074
119	105.197
120	105.282
121	105.279
122	105.38
123	105.552
124	105.72
125	105.835
126	105.907
127	106.085
128	106.15
129	106.236
130	106.26
131	106.384
132	106.588
133	106.787
134	106.886
135	107.015
136	107.207
137	106.327
138	106.436
139	106.547
140	106.681
141	106.861
142	107.025
143	107.129
144	106.85
145	106.502
146	105.879
147	104.715
148	104.8
149	104.803
150	104.786
151	104.765
152	104.826
153	104.194
154	103.189
155	103.189
156	102.881
157	101.926
158	101.923
159	101.88
160	101.942
161	102.092
162	102.246
163	102.127
164	101.861
165	101.895
166	101.969
167	102.117
168	102.256
169	102.345
170	102.282
171	102.351
172	102.466
173	102.616
174	102.726
175	102.654
176	102.745
177	102.748
178	102.855
179	103.008
180	103.123
181	103.173
182	103.25
183	103.389
184	103.518
185	103.612
186	103.705
187	103.814
188	103.952
189	104.08
190	103.917
191	103.699
192	103.837
193	103.954
194	104.041
195	104.104
196	104.225
197	104.329
198	104.448
199	104.284
200	104.264
201	104.356
202	104.431
203	104.527
204	104.643
205	104.766
206	104.808
207	104.882
208	104.993
209	105.104
210	105.221
211	105.241
212	105.242
213	105.244
214	105.337
215	105.428
216	105.535
217	105.641
218	105.689
219	105.772
220	105.884
221	105.933
222	106.008
223	106.062
224	105.666
225	105.104
226	105.141
227	105.19
228	105.23
229	105.304
230	105.375
231	105.486
232	105.58
233	105.374
234	105.19
235	105.154
236	105.073
237	105.141
238	105.245
239	105.314
240	105.406
241	105.475
242	105.525
243	105.63
244	105.685
245	105.762
246	105.809
247	105.848
248	105.938
249	106.02
250	106.061
251	106.113
252	106.143
253	106.186
254	106.271
255	106.343
256	106.415
257	106.471
258	106.525
259	106.056
260	106.117
261	106.034
262	106.092
263	106.146
264	106.232
265	106.256
266	106.341
267	106.384
268	105.922
269	106.011
270	106.087
271	106.161
272	106.213
273	106.257
274	106.338
275	106.405
276	106.483
277	106.531
278	106.59
279	106.673
280	106.738
281	106.814
282	106.767
283	106.771
284	106.849
285	106.898
286	106.911
287	106.988
288	107.06
289	107.088
290	107.098
291	107.13
292	107.154
293	106.796
294	106.819
295	106.796
296	106.833
297	106.887
298	106.96
299	107.038
300	107.08
301	107.019
302	106.46
303	106.506
304	106.51
305	106.192
306	106.259
307	106.319
308	106.294
309	106.352
310	106.386
311	106.432
312	106.495
313	106.559
314	106.622
315	106.644
316	106.707
317	106.779
318	106.809
319	106.842
320	106.802
321	106.848
322	106.906
323	106.961
324	107.022
325	107.071
326	107.108
327	107.008
328	107
329	106.989
330	106.962
331	106.997
332	107.043
333	107.092
334	107.164
335	107.196
336	106.805
337	106.861
338	106.919
339	106.963
340	107.009
341	107.086
342	107.157
343	107.143
344	107.169
345	107.215
346	107.288
347	107.34
348	107.328
349	107.392
350	107.397
351	107.427
352	107.487
353	107.553
354	107.595
355	107.632
356	107.687
357	107.748
358	107.793
359	107.811
360	107.832
361	107.897
362	107.948
363	107.581
364	107.555
365	107.57
366	107.606
367	107.665
368	107.727
369	107.76
370	107.652
371	107.23
372	107.266
373	107.319
374	107.368
375	107.399
376	107.439
377	107.495
378	107.523
379	107.553
380	107.6
381	107.537
382	107.573
383	107.605
384	107.669
385	107.721
386	107.662
387	107.659
388	107.686
389	107.717
390	107.781
391	107.835
392	107.867
393	107.826
394	107.866
395	107.925
396	107.98
397	107.669
398	107.679
399	107.687
400	107.73
401	107.785
402	107.848
403	107.875
404	107.916
405	107.876
406	107.804
407	107.833
408	107.85
409	107.884
410	107.936
411	107.992
412	108.027
413	108.026
414	108.062
415	108.119
416	108.162
417	108.111
418	108.124
419	108.159
420	108.208
421	108.258
422	108.303
423	108.341
424	108.377
425	108.433
426	108.481
427	108.518
428	108.517
429	108.542
430	108.583
431	108.622
432	108.317
433	108.347
434	108.304
435	108.325
436	108.368
437	108.421
438	108.466
439	108.389
440	108.065
441	108.043
442	108.04
443	108.048
444	108.088
445	108.132
446	108.085
447	108.098
448	108.114
449	108.152
450	108.185
451	108.233
452	108.262
453	108.285
454	108.3
455	108.328
456	108.379
457	108.418
458	108.448
459	108.471
460	108.507
461	108.556
462	108.591
463	108.635
464	108.668
465	108.706
466	108.538
467	108.579
468	108.547
469	108.581
470	108.609
471	108.603
472	108.653
473	108.704
474	108.664
475	108.683
476	108.731
477	108.776
478	108.788
479	108.816
480	108.852
481	108.891
482	108.89
483	108.936
484	108.951
485	108.957
486	108.969
487	108.98
488	109.025
489	109.064
490	109.109
491	109.148
492	109.163
493	109.174
494	109.217
495	109.246
496	109.261
497	109.292
498	109.327
499	109.36
500	109.096
501	109.138
502	109.148
503	109.18
504	109.202
505	109.23
506	109.156
507	109.13
508	109.086
509	109.126
510	109.158
511	109.174
512	109.181
513	109.185
514	109.225
515	109.27
516	109.28
517	109.278
518	109.291
519	109.32
520	109.365
521	109.404
522	109.422
523	109.429
524	109.445
525	109.482
526	109.503
527	109.538
528	109.567
529	109.575
530	109.618
531	109.644
532	109.682
533	109.607
534	109.509
535	109.55
536	109.586
537	109.543
538	109.56
539	109.518
540	109.51
541	109.527
542	109.255
543	109.243
544	109.268
545	109.298
546	109.332
547	109.37
548	109.394
549	109.421
550	109.458
551	109.491
552	109.529
553	109.547
554	109.53
555	109.539
556	109.58
557	109.616
558	109.642
559	109.663
560	109.681
561	109.723
562	109.76
563	109.778
564	109.795
565	109.802
566	109.829
567	109.868
568	109.792
569	109.689
570	109.689
571	109.711
572	109.748
573	109.789
574	109.8
575	109.75
576	109.598
577	109.466
578	109.492
579	109.507
580	109.512
581	109.474
582	109.375
583	109.395
584	109.413
585	109.427
586	109.318
587	109.339
588	109.362
589	109.306
590	109.286
591	109.1
592	109.095
593	109.091
594	109.123
595	109.156
596	109.181
597	108.99
598	109.023
599	109.046
600	109.055
601	109.077
602	109.079
603	109.103
604	109.139
605	109.102
606	109.094
607	109.117
608	109.154
609	109.182
610	109.204
611	109.224
612	109.256
613	109.282
614	109.283
615	109.279
616	109.306
617	109.283
618	109.311
619	109.348
620	109.366
621	109.366
622	109.386
623	109.399
624	109.413
625	109.429
626	109.456
627	109.494
628	109.523
629	109.517
630	109.536
631	109.334
632	109.356
633	109.385
634	109.39
635	109.402
636	109.438
637	109.47
638	109.461
639	109.481
640	109.419
641	109.415
642	109.441
643	109.462
644	109.479
645	109.478
646	109.496
647	109.371
648	109.242
649	109.261
650	109.28
651	109.315
652	109.346
653	109.37
654	109.37
655	109.355
656	109.377
657	109.41
658	109.446
659	109.473
660	109.492
661	109.499
662	109.534
663	109.47
664	109.359
665	109.378
666	109.392
667	109.409
668	109.439
669	109.465
670	109.491
671	109.507
672	109.334
673	109.353
674	109.354
675	109.373
676	109.394
677	109.428
678	109.459
679	109.49
680	109.508
681	109.52
682	109.55
683	109.517
684	109.549
685	109.575
686	109.592
687	109.605
688	109.634
689	109.642
690	109.671
691	109.69
692	109.698
693	109.724
694	109.753
695	109.778
696	109.742
697	109.759
698	109.523
699	109.515
700	109.534
701	109.497
702	109.512
703	109.477
704	109.461
705	109.414
706	109.408
707	109.417
708	109.444
709	109.457
710	109.442
711	109.451
712	109.475
713	109.503
714	109.508
715	109.47
716	109.475
717	109.492
718	109.523
719	109.551
720	109.566
721	109.566
722	109.53
723	109.539
724	109.546
725	109.573
726	109.602
727	109.621
728	109.582
729	109.601
730	109.548
731	109.434
732	109.444
733	109.464
734	109.486
735	109.515
736	109.542
737	109.56
738	109.578
739	109.602
740	109.502
741	109.464
742	109.478
743	109.494
744	109.526
745	109.556
746	109.58
747	109.598
748	109.613
749	109.644
750	109.627
751	109.653
752	109.669
753	109.686
754	109.713
755	109.741
756	109.764
757	109.748
758	109.761
759	109.789
760	109.788
761	109.811
762	109.838
763	109.841
764	109.822
765	109.753
766	109.704
767	109.73
768	109.756
769	109.768
770	109.785
771	109.813
772	109.802
773	109.69
774	109.683
775	109.597
776	109.62
777	109.632
778	109.645
779	109.659
780	109.67
781	109.694
782	109.719
783	109.72
784	109.733
785	109.744
786	109.772
787	109.799
788	109.81
789	109.775
790	109.779
791	109.776
792	109.785
793	109.811
794	109.838
795	109.865
796	109.881
797	109.886
798	109.913
799	109.804
800	109.795
801	109.811
802	109.833
803	109.859
804	109.852
805	109.869
806	109.876
807	109.892
808	109.835
809	109.833
810	109.843
811	109.858
812	109.882
813	109.911
814	109.929
815	109.945
816	109.968
817	109.995
818	109.996
819	110.002
820	110.021
821	110.043
822	110.067
823	110.093
824	110.107
825	110.101
826	110.125
827	110.151
828	110.166
829	110.172
830	110.18
831	110.203
832	110.231
833	110.24
834	110.079
835	110.026
836	110.029
837	110.041
838	110.065
839	110.076
840	110.054
841	110.014
842	109.884
843	109.863
844	109.843
845	109.849
846	109.85
847	109.876
848	109.9
849	109.915
850	109.933
851	109.946
852	109.97
853	109.995
854	109.999
855	110.013
856	110.024
857	110.048
858	110.055
859	110.082
860	110.057
861	110.067
862	110.085
863	110.112
864	110.14
865	110.153
866	110.163
867	110.187
868	110.147
869	110.148
870	110.16
871	110.176
872	110.201
873	110.207
874	110.217
875	110.229
876	110.182
877	110.179
878	110.204
879	110.225
880	110.209
881	110.221
882	110.238
883	110.259
884	110.282
885	110.3
886	110.314
887	110.315
888	110.32
889	110.343
890	110.362
891	110.369
892	110.38
893	110.401
894	110.42
895	110.431
896	110.427
897	110.439
898	110.456
899	110.478
900	110.5
901	110.512
902	110.511
903	110.377
904	110.394
905	110.417
906	110.428
907	110.441
908	110.445
909	110.457
910	110.475
911	110.333
912	110.332
913	110.318
914	110.325
915	110.325
916	110.347
917	110.365
918	110.382
919	110.388
920	110.383
921	110.392
922	110.416
923	110.438
924	110.455
925	110.466
926	110.471
927	110.493
928	110.509
929	110.488
930	110.46
931	110.464
932	110.474
933	110.492
934	110.513
935	110.532
936	110.524
937	110.426
938	110.443
939	110.465
940	110.483
941	110.498
942	110.505
943	110.522
944	110.543
945	110.558
946	110.553
947	110.576
948	110.598
949	110.599
950	110.608
951	110.629
952	110.649
953	110.666
954	110.671
955	110.678
956	110.645
957	110.66
958	110.679
959	110.699
960	110.71
961	110.715
962	110.734
963	110.751
964	110.762
965	110.754
966	110.763
967	110.767
968	110.777
969	110.791
970	110.811
971	110.754
972	110.699
973	110.705
974	110.726
975	110.741
976	110.759
977	110.732
978	110.704
979	110.702
980	110.554
981	110.571
982	110.537
983	110.539
984	110.556
985	110.569
986	110.581
987	110.589
988	110.586
989	110.582
990	110.601
991	110.619
992	110.633
993	110.637
994	110.631
995	110.635
996	110.656
997	110.664
998	110.679
