frame	x	y	width	height
2	628	277	153	95
3	631	277	153	95
4	633	278	153	95
5	636	278	153	95
6	639	279	153	95
7	641	281	153	95
8	642	281	153	95
9	643	281	153	95
10	644	283	153	95
11	644	283	153	95
12	644	284	153	95
13	643	285	153	95
14	643	286	153	95
15	642	286	153	95
16	644	288	153	95
17	646	289	153	95
18	648	290	153	95
19	648	292	153	95
20	651	294	153	95
21	654	295	153	95
22	654	297	153	95
23	656	298	153	95
24	657	299	153	95
25	657	301	153	95
26	659	302	153	95
27	659	302	153	95
28	656	304	153	95
29	657	305	153	95
30	658	306	153	95
31	657	307	153	95
32	658	307	153	95
33	660	308	153	95
34	661	308	153	95
35	661	309	153	95
36	661	310	153	95
37	661	312	153	95
38	656	308	161	100
39	655	309	161	100
40	648	307	169	105
41	647	308	169	105
42	642	305	177	110
43	638	306	177	110
44	637	305	177	110
45	634	306	177	110
46	634	305	177	110
47	633	307	177	110
48	633	307	177	110
49	631	307	177	110
50	631	307	177	110
51	632	308	177	110
52	634	309	177	110
53	633	308	177	110
54	634	307	177	110
55	633	307	177	110
56	629	304	186	115
57	627	303	186	115
58	625	303	186	115
59	623	304	186	115
60	624	304	186	115
61	622	304	186	115
62	621	301	186	115
63	618	299	195	121
64	620	297	195	121
65	620	296	195	121
66	622	297	195	121
67	622	297	195	121
68	623	298	195	121
69	624	298	195	121
70	625	298	195	121
71	625	299	195	121
72	625	299	195	121
73	626	298	195	121
74	621	296	205	127
75	622	296	205	127
76	620	295	205	127
77	621	296	205	127
78	622	297	205	127
79	622	297	205	127
80	622	299	205	127
81	621	299	205	127
82	624	300	205	127
83	625	300	205	127
84	624	300	205	127
85	624	301	205	127
86	625	300	205	127
87	625	301	205	127
88	625	301	205	127
89	625	303	205	127
90	624	304	205	127
91	625	304	205	127
92	626	306	205	127
93	626	306	205	127
94	626	307	205	127
95	626	307	205	127
96	626	307	205	127
97	626	306	205	127
98	621	302	215	134
99	622	301	215	134
100	622	300	215	134
101	623	300	215	134
102	621	300	215	134
103	615	296	226	140
104	615	296	226	140
105	615	296	226	140
106	614	296	226	140
107	614	297	226	140
108	613	297	226	140
109	613	297	226	140
110	612	297	226	140
111	611	298	226	140
112	610	297	226	140
113	608	299	226	140
114	608	299	226	140
115	606	299	226	140
116	605	300	226	140
117	604	301	226	140
118	602	301	226	140
119	595	297	237	147
120	595	297	237	147
121	593	298	237	147
122	593	298	237	147
123	593	298	237	147
124	593	298	237	147
125	586	293	249	155
126	587	293	249	155
127	588	293	249	155
128	587	293	249	155
129	589	293	249	155
130	590	293	249	155
131	591	293	249	155
132	591	293	249	155
133	593	291	249	155
134	594	292	249	155
135	588	289	262	162
136	590	291	262	162
137	592	291	262	162
138	594	291	262	162
139	595	292	262	162
140	597	293	262	162
141	599	294	262	162
142	599	295	262	162
143	593	291	275	171
144	593	291	275	171
145	593	292	275	171
146	587	289	289	179
147	587	290	289	179
148	588	290	289	179
149	589	290	289	179
150	591	292	289	179
151	592	292	289	179
152	593	293	289	179
153	594	294	289	179
154	596	295	289	179
155	597	295	289	179
156	597	298	289	179
157	597	300	289	179
158	599	303	289	179
159	598	306	289	179
160	597	307	289	179
161	601	308	289	179
162	601	310	289	179
163	602	313	289	179
164	604	314	289	179
165	596	312	303	188
166	599	312	303	188
167	598	313	303	188
168	592	310	318	197
169	597	313	318	197
170	594	314	318	197
171	597	317	318	197
172	596	317	318	197
173	591	313	334	207
174	595	318	334	207
175	590	317	351	218
176	582	315	368	229
177	587	315	368	229
178	577	312	387	240
179	583	317	387	240
180	587	323	387	240
181	591	330	387	240
182	593	338	387	240
183	603	346	387	240
184	603	359	387	240
185	606	367	387	240
186	601	372	406	252
187	588	381	426	265
188	595	390	426	265
189	583	398	448	278
190	572	423	448	278
191	596	433	448	278
192	580	451	448	278
193	558	460	448	278
194	554	463	448	278
195	533	467	470	292
196	521	476	470	292
197	514	476	470	292
198	506	481	470	292
199	511	483	470	292
200	524	492	470	292
201	535	509	470	292
202	539	514	470	292
203	555	535	448	278
204	565	537	448	278
205	558	540	448	278
206	551	526	448	278
207	558	523	426	265
208	567	515	426	265
209	577	511	426	265
210	579	513	426	265
211	589	517	426	265
212	600	524	406	252
213	593	525	406	252
214	589	522	406	252
215	582	519	406	252
216	574	522	406	252
217	570	523	406	252
218	565	527	406	252
219	565	536	406	252
220	560	539	406	252
221	555	540	406	252
222	551	537	406	252
223	545	527	406	252
224	533	512	426	265
225	526	510	426	265
226	524	510	426	265
227	526	515	426	265
228	526	513	426	265
229	524	508	426	265
230	522	504	426	265
231	524	505	426	265
232	522	511	426	265
233	519	517	426	265
234	527	525	406	252
235	527	525	406	252
236	527	530	387	240
237	517	528	387	240
238	526	532	368	229
239	526	534	368	229
240	525	539	368	229
241	522	543	368	229
242	513	545	368	229
243	515	542	368	229
244	514	545	368	229
245	508	550	368	229
246	509	556	368	229
247	509	553	368	229
248	515	544	368	229
249	539	536	368	229
250	518	536	368	229
251	507	531	387	240
252	508	529	387	240
253	493	522	406	252
254	485	520	406	252
255	488	521	406	252
256	491	524	406	252
257	501	524	406	252
258	514	525	406	252
259	521	526	406	252
260	521	532	406	252
261	521	527	406	252
262	511	524	406	252
263	511	524	406	252
264	514	527	406	252
265	519	533	406	252
266	525	539	406	252
267	532	541	406	252
268	535	543	406	252
269	545	542	406	252
270	551	540	406	252
271	552	538	406	252
272	552	537	406	252
273	551	534	406	252
274	552	532	406	252
275	553	533	406	252
276	553	531	406	252
277	551	528	406	252
278	545	523	406	252
279	545	522	406	252
280	545	525	406	252
281	542	526	406	252
282	539	526	406	252
283	538	528	406	252
284	538	531	406	252
285	536	529	406	252
286	533	529	406	252
287	528	529	406	252
288	524	527	406	252
289	519	526	406	252
290	514	524	406	252
