frame	PSR
2	8.24504
3	9.24417
4	9.2427
5	8.62745
6	8.99835
7	6.84902
8	7.88627
9	7.93984
10	9.14101
11	8.67846
12	7.92582
13	7.09126
14	8.65157
15	8.9457
16	9.1634
17	7.95783
18	8.88332
19	8.8759
20	7.51373
21	8.59102
22	7.59938
23	9.38097
24	8.23118
25	8.76225
26	8.78193
27	7.67214
28	7.21527
29	6.61002
30	7.58376
31	8.72833
32	8.65219
33	8.05777
34	7.84594
35	7.96497
36	7.82335
37	7.38326
38	7.37874
39	7.39223
40	7.92156
41	6.90796
42	8.57604
43	7.68023
44	8.33919
45	8.80168
46	8.39093
47	8.52826
48	8.55368
49	8.22388
50	7.14731
51	7.89708
52	7.44413
53	9.14463
54	9.1009
55	7.65523
56	7.17197
57	7.69711
58	8.74368
59	6.89323
60	9.12763
61	8.0201
62	8.21232
63	8.42655
64	7.87602
65	9.21561
66	8.46585
67	8.18451
68	7.18327
69	9.00088
70	9.09537
71	9.12066
72	9.08261
73	9.08325
74	8.40628
75	9.12976
76	8.22318
77	7.13297
78	8.41195
79	8.95824
80	8.61374
81	7.6366
82	8.9942
83	9.23666
84	9.01955
85	8.09824
86	7.42566
87	8.66887
88	8.44715
89	8.17759
90	8.28777
91	9.41621
92	9.33077
93	8.56005
94	8.45908
95	8.90953
96	8.40124
97	8.22958
98	8.4638
99	8.47609
100	9.48088
101	9.03282
102	9.2416
103	9.27108
104	7.86896
105	8.54881
106	7.73326
107	8.13569
108	8.99091
109	9.00882
110	8.97923
111	7.98704
112	7.55768
113	7.64581
114	7.68924
115	8.91878
116	8.72573
117	8.83999
118	9.10712
119	8.94116
120	8.78121
121	9.17477
122	9.37692
123	8.54399
124	8.76343
125	8.73988
126	8.2508
127	7.12465
128	7.36338
129	9.21107
130	7.72921
131	8.71078
132	8.74221
133	8.87991
134	8.77003
135	9.04901
136	7.81704
137	8.00598
138	8.93855
139	8.65509
140	8.84586
141	7.96428
142	8.11042
143	8.31013
144	8.92382
145	8.37831
146	9.00285
147	8.34286
148	8.04615
149	6.42542
150	7.84079
151	7.10473
152	7.65105
153	8.99699
154	6.59377
155	7.26322
156	7.31892
157	6.95736
158	7.05831
159	7.57824
160	7.39462
161	7.20398
162	6.88848
163	6.68363
164	4.25173
165	4.70713
166	4.17262
167	4.18298
168	3.14919
169	4.75622
170	3.67306
171	4.08538
172	3.94624
173	4.57918
174	5.87001
175	5.52742
176	3.86537
177	4.87032
178	4.84894
179	4.94224
180	3.70997
181	2.76468
182	3.41027
183	3.95073
184	3.87045
185	5.65625
186	4.52946
187	4.70505
188	4.27727
189	5.14081
190	4.80459
191	5.27164
192	5.01623
193	6.71758
194	6.76459
195	6.66278
196	6.11995
197	5.65784
198	5.5727
199	5.2661
200	5.43558
201	4.8674
202	6.0213
203	7.2155
204	5.25046
205	5.08847
206	6.48449
207	6.64744
208	6.57128
209	7.08767
210	5.35181
211	4.49317
212	6.63696
213	6.49677
214	6.39945
215	6.39463
216	7.04058
217	7.93462
218	7.82151
219	7.26829
220	8.27454
221	7.05739
222	6.13183
223	8.05871
224	7.70254
225	6.94756
226	7.28907
227	8.5101
228	6.89032
229	6.76827
230	8.30642
231	7.70992
232	8.34269
233	8.76699
234	6.76245
235	6.93384
236	7.52417
237	8.37805
238	6.92328
239	6.36122
240	8.43051
241	7.36815
242	8.13717
243	8.436
244	6.84744
245	8.72651
246	7.40669
247	8.90828
248	8.67828
249	8.52369
250	8.59181
251	8.00769
252	7.52173
253	7.99401
254	8.84971
255	9.01661
256	7.75455
257	8.91432
258	8.73438
259	8.71369
260	7.47094
261	7.64054
262	7.11821
263	8.33015
264	8.63467
265	8.70874
266	7.76866
267	7.08647
268	7.45831
269	7.21497
270	6.96385
271	6.5707
272	5.40296
273	5.43539
274	5.99945
275	6.07447
276	6.62025
277	7.16247
278	7.62005
279	8.71101
280	8.94879
281	8.84533
282	8.84859
283	9.26373
284	7.70201
285	8.11617
286	8.29584
287	6.65782
288	7.0745
289	5.03663
290	7.05065
291	7.09187
292	8.50113
293	7.25231
294	6.07724
295	8.44595
296	6.91281
297	8.26063
298	8.24622
299	8.03877
300	8.1939
301	7.42087
302	7.53604
303	9.24915
304	8.5324
305	7.32071
306	8.6665
307	8.64538
308	9.19475
309	8.03302
310	8.89661
311	7.66963
312	7.53821
313	7.13797
314	7.6232
315	7.18964
316	8.30069
317	8.66947
318	7.67357
319	8.21006
320	7.79243
321	8.51798
322	8.12467
323	7.96449
324	7.7737
325	7.28309
326	7.6891
327	6.97234
328	6.62414
329	7.76004
330	8.21112
331	8.71188
332	6.85684
333	7.94551
334	8.48848
335	8.57265
336	8.91297
337	8.61465
338	9.24631
339	6.96046
340	8.04273
341	7.18425
342	7.48648
343	8.61821
344	8.53157
345	7.88029
346	8.86398
347	7.65485
348	9.0456
349	7.01719
350	7.77566
351	8.72786
352	7.68426
353	8.62165
354	8.12135
355	9.38194
356	9.37266
357	8.76014
358	8.20998
359	8.49246
360	7.72208
361	8.99788
362	9.58172
363	8.8697
364	8.65383
365	9.57947
366	9.11686
367	8.51073
368	7.74153
369	6.98971
370	7.52664
371	7.65144
372	6.60025
373	8.28374
374	9.60265
375	8.29773
376	7.71984
377	8.99536
378	8.32151
379	9.32145
380	8.20294
381	8.32554
382	8.42704
383	8.35404
384	7.27037
385	8.39171
386	7.45838
387	7.74853
388	7.09364
389	8.53015
390	7.60981
391	7.4527
392	9.24304
393	7.9962
394	7.48786
395	8.98303
396	9.72331
397	8.54825
398	9.58239
399	9.47557
400	9.2761
401	8.64165
402	9.72389
403	8.63487
404	7.117
405	6.39129
406	7.85085
407	8.12857
408	6.47315
409	8.60869
410	9.50228
411	9.85019
412	9.60493
413	8.91491
414	9.55496
415	9.85628
416	9.30579
417	9.07262
418	9.34698
419	8.72418
420	8.70261
421	9.33325
422	8.94199
423	9.13171
424	9.88623
425	7.76002
426	7.39226
427	9.80204
428	9.42829
429	8.74019
430	8.6129
431	8.08691
432	8.29921
433	7.50617
434	8.57648
435	9.18449
436	9.33087
437	9.2148
438	9.36377
439	7.91931
440	8.20575
441	8.09641
442	8.05122
443	7.6892
444	7.22423
445	6.25249
446	7.56482
447	7.85886
448	9.43409
449	9.34925
450	8.97539
451	8.64914
452	9.32595
453	8.83919
454	7.0186
455	7.42354
456	7.55951
457	8.58091
458	9.21689
459	8.40828
460	9.48908
461	8.63502
462	9.56081
463	8.4061
464	7.06238
465	8.83291
466	8.91336
467	8.55532
468	8.85269
469	6.34509
470	7.93301
471	8.33856
472	8.09186
473	7.94513
474	6.57705
475	7.39785
476	7.5101
477	8.95991
478	7.67716
479	8.17882
480	7.56595
481	8.85975
482	8.09461
483	8.78263
484	8.36745
485	9.08386
486	9.24013
487	9.50014
488	9.22352
489	9.21836
490	9.4261
491	9.95275
492	8.56442
493	8.97874
494	9.82231
495	9.0617
496	8.31761
497	8.75454
498	9.25336
499	9.10841
500	9.24167
501	8.07432
502	9.57419
503	9.16248
504	9.48229
505	9.60004
506	9.0139
507	9.36025
508	9.03453
509	10.0359
510	9.96145
511	9.96882
512	9.6222
513	10.0247
514	8.90076
515	8.35589
516	7.80616
517	8.18095
518	8.41414
519	8.56842
520	8.77912
521	6.40035
522	6.46911
523	7.81531
524	8.40098
525	7.75724
526	8.15359
527	9.55224
528	9.32598
529	9.73309
530	8.46153
531	8.89085
532	8.75952
533	8.77548
534	8.28327
535	8.08592
536	9.52086
537	9.60301
538	9.2553
539	9.19697
540	9.62976
541	9.07453
542	9.19566
543	8.05711
544	8.79475
545	9.45746
546	8.23215
547	8.91443
548	8.28575
549	9.16572
550	8.95688
551	7.59817
552	7.63616
553	7.66886
554	7.08021
555	8.68424
556	7.45618
557	8.60679
558	7.56497
559	9.43955
560	9.19252
561	7.56574
562	7.16096
563	7.8903
564	9.04307
565	7.82587
566	7.19368
567	7.10128
568	8.50178
569	7.98995
570	7.4677
571	7.16778
572	8.96108
573	9.53994
574	9.17653
575	8.48602
576	8.28482
577	8.93772
578	9.25216
579	9.99546
580	9.50612
581	9.85246
582	7.17737
583	7.44188
584	7.22121
585	8.05067
586	7.44077
587	7.34458
588	6.98623
589	6.32235
590	9.23833
591	8.03309
592	9.40082
593	8.59398
594	9.3231
595	7.80049
596	7.45804
597	9.02169
598	9.10753
599	9.45272
600	9.55321
601	9.00506
602	9.65068
603	9.36705
604	9.22008
605	8.4624
606	8.41381
607	9.90638
608	9.65252
609	9.49453
610	9.45547
611	8.74635
612	8.74603
613	9.28548
614	7.63539
615	9.3632
616	9.48336
617	9.68278
618	9.07141
619	9.70608
620	9.20508
621	9.22335
622	8.79578
623	9.21594
624	9.37371
625	8.8162
626	9.43379
627	9.64484
628	9.22687
629	8.95602
630	9.11974
631	8.91741
632	7.54503
633	7.05841
634	7.75624
635	8.84583
636	7.72976
637	6.87293
638	5.95619
639	5.45333
640	4.55126
641	5.37023
642	6.2678
643	6.50423
644	5.65226
645	5.88443
646	6.44597
647	5.76355
648	5.87173
649	5.36789
650	5.18608
651	5.06639
652	5.23035
653	5.32425
654	4.3063
655	4.80667
656	4.63678
657	3.52144
658	3.6685
659	5.44
660	5.48628
661	4.90324
662	3.98908
663	4.00387
664	5.0504
665	4.22182
666	4.42093
667	4.50632
668	4.35196
669	4.16802
670	4.82588
671	5.26652
672	4.71814
673	4.37141
674	5.43881
675	4.86092
676	5.19437
677	5.02203
678	4.54521
679	5.33447
680	5.38674
681	6.33858
682	4.53796
683	5.17798
684	5.28063
685	4.55105
686	3.93988
687	4.18406
688	4.08759
689	5.34912
690	4.86438
691	4.85029
692	5.33479
693	4.76284
694	4.73685
695	4.76971
696	5.02691
697	5.57211
698	5.26189
699	4.64944
700	5.10047
701	5.58291
702	5.2853
703	5.04427
704	5.15602
705	4.52703
706	4.97274
707	5.67792
708	5.50704
709	6.1771
710	6.20614
711	5.67159
712	5.41585
