frame	ave_fps
2	65.1829
3	56.0139
4	54.2974
5	63.4521
6	68.9051
7	72.8764
8	75.5967
9	77.9892
10	80.6117
11	82.3396
12	83.9474
13	84.6677
14	83.2148
15	83.7695
16	84.5348
17	85.2917
18	86.0512
19	87.2147
20	88.8686
21	89.421
22	88.9461
23	89.3647
24	88.76
25	88.2288
26	88.0472
27	84.7863
28	84.6879
29	84.6039
30	83.359
31	82.547
32	81.6512
33	82.1283
34	81.7872
35	80.8147
36	81.5415
37	77.096
38	76.0779
39	76.1264
40	76.2894
41	76.5148
42	76.3335
43	76.1303
44	76.7108
45	76.3585
46	76.1629
47	75.2932
48	74.3623
49	74.2769
50	74.2047
51	74.3685
52	74.7789
53	75.1515
54	75.4809
55	75.8884
56	75.201
57	75.029
58	75.2344
59	75.3833
60	75.752
61	76.0611
62	76.6391
63	76.9288
64	77.2803
65	77.6371
66	77.9552
67	78.1418
68	78.7002
69	79.0276
70	79.2198
71	79.2476
72	79.5316
73	79.6113
74	79.6456
75	79.8838
76	80.0547
77	80.3986
78	80.541
79	80.7932
80	81.2237
81	81.6831
82	81.8812
83	82.0025
84	82.1979
85	82.4801
86	82.7785
87	82.9448
88	82.9231
89	83.0465
90	83.2116
91	83.3504
92	83.5156
93	83.7521
94	83.7708
95	83.8893
96	83.8249
97	83.7821
98	83.7941
99	83.8033
100	83.9721
101	84.2047
102	84.5465
103	84.7146
104	85.0024
105	85.1093
106	85.2123
107	85.3185
108	85.3225
109	85.3801
110	85.6647
111	85.732
112	85.8205
113	85.8978
114	85.913
115	85.8527
116	85.6757
117	85.6133
118	85.678
119	85.6952
120	85.7347
121	85.7481
122	85.7518
123	85.9769
124	86.1206
125	86.247
126	86.3824
127	86.4911
128	86.7673
129	86.8751
130	86.9882
131	87.0826
132	87.1912
133	87.2898
134	87.5097
135	87.6512
136	87.8994
137	87.9014
138	87.9618
139	88.0299
140	88.0684
141	88.1293
142	88.281
143	88.4209
144	88.6157
145	88.5304
146	88.6861
147	88.7543
148	88.8403
149	89.0213
150	89.0361
151	89.106
152	89.2787
153	89.3216
154	89.4607
155	89.4836
156	89.4682
157	89.5182
158	89.6882
159	89.6993
160	89.7087
161	89.762
162	89.7478
163	89.7445
164	89.804
165	89.8737
166	89.9329
167	89.9988
168	89.9094
169	89.8905
170	89.8799
171	89.9898
172	90.1805
173	89.9634
174	89.9598
175	90.0617
176	90.2521
177	90.2471
178	90.2272
179	90.2943
180	90.3619
181	90.2252
182	90.1501
183	89.4297
184	89.4421
185	89.4594
186	89.435
187	89.3409
188	89.4154
189	89.383
190	88.9414
191	88.7553
192	88.7654
193	88.7719
194	88.7505
195	88.8024
196	88.8589
197	88.9214
198	88.9349
199	88.8464
200	88.8454
201	88.971
202	88.9587
203	88.957
204	88.9978
205	89.0297
206	89.0908
207	89.2069
208	89.248
209	89.2636
210	89.2803
211	89.3208
212	89.3571
213	89.4348
214	89.3994
215	89.433
216	89.4743
217	89.5331
218	89.5877
219	89.7251
220	89.712
221	89.7046
222	89.7122
223	89.7375
224	89.775
225	89.8993
226	89.9186
227	89.9252
228	89.8564
229	89.7824
230	89.4256
231	89.4118
232	89.3281
233	89.3777
234	89.3535
235	89.4356
236	89.5181
237	89.458
238	89.4162
239	89.4754
240	89.5492
241	89.7011
242	89.6521
243	89.7311
244	89.7204
245	89.6265
246	89.0014
247	88.719
248	88.3601
249	88.1507
250	88.0819
251	87.9085
252	87.7023
253	87.7675
254	87.7436
255	87.7833
256	87.7997
257	87.8498
258	87.8491
259	87.9227
260	87.953
261	87.9599
262	87.9596
263	88.0243
264	88.1131
265	88.1745
266	88.2098
267	88.2882
268	88.2194
269	88.244
270	88.2339
271	88.2824
272	88.3158
273	88.236
274	88.2842
275	88.3182
276	88.3232
277	88.3535
278	88.29
279	88.323
280	88.372
281	88.372
282	88.3617
283	88.3758
284	88.3652
285	88.4728
286	88.4632
287	88.4709
288	88.4988
289	88.5184
290	88.5875
291	88.6881
292	88.5981
293	88.5004
294	88.4574
295	88.4011
296	88.1215
297	87.4569
298	87.1537
299	87.0269
300	87.0304
301	86.7181
302	86.6538
303	86.601
304	86.5787
305	86.6108
306	86.5708
307	86.5707
308	86.3366
309	86.0355
310	86.0565
311	85.9894
312	85.9983
313	85.9204
314	85.8576
315	85.9364
316	85.9524
317	85.8252
318	85.7597
319	85.7154
320	85.7427
321	85.7923
322	85.6737
323	85.5696
324	85.5562
325	85.4615
326	85.4528
327	85.471
328	85.4336
329	85.3342
330	85.2405
331	85.2073
332	85.1617
333	85.1626
334	85.0893
335	84.7521
336	84.6562
337	84.6746
338	84.4643
339	84.3633
340	84.2289
341	84.0755
342	83.9786
343	83.7188
344	83.6498
345	83.6688
346	83.6501
347	83.6309
348	83.5756
349	83.5456
350	83.5801
351	83.5324
352	83.4249
353	83.3912
354	83.2899
355	83.2414
356	83.214
357	83.137
358	83.0843
359	83.0055
360	83.0469
361	83.0182
362	82.9396
363	82.8948
364	82.7963
365	82.7315
366	82.7574
367	82.6937
368	82.6859
369	82.6187
370	82.5652
371	82.5051
372	82.5678
373	82.4688
374	82.4918
375	82.4721
376	82.4206
377	82.4304
378	82.512
379	82.4278
380	82.4406
381	82.4034
382	82.398
383	81.2729
384	81.108
385	80.9526
386	80.8598
387	80.9397
388	80.9839
389	81.0628
390	81.0172
391	81.1031
392	81.1476
393	81.202
394	81.2841
395	81.3315
396	81.4187
397	81.4629
398	81.5157
399	81.5504
400	81.6427
401	81.6665
402	81.7165
403	81.7938
404	81.8249
405	81.8386
406	81.9197
407	81.9797
408	82.0706
409	82.1175
410	82.1716
411	82.2237
412	82.3061
413	82.3317
414	82.3628
415	82.4096
416	82.4615
417	82.5507
418	82.6055
419	82.6863
420	82.7668
421	82.8345
422	82.8844
423	82.911
424	82.9343
425	82.9702
426	82.9975
427	83.042
428	83.1211
429	83.1546
430	83.2413
431	83.2938
432	83.3738
433	83.4162
434	83.4265
435	83.4496
436	83.5217
437	83.4857
438	83.5281
439	83.6096
440	83.6352
441	83.6824
442	83.7026
443	83.714
444	83.7384
445	83.7754
446	83.8021
447	83.8298
448	83.8985
449	83.9314
450	83.9717
451	84.028
452	84.0826
453	84.1625
454	84.2365
455	84.2623
456	84.2948
457	84.3257
458	84.4022
459	84.4459
460	84.521
461	84.5536
462	84.5907
463	84.6314
464	84.706
465	84.7082
466	84.7714
467	84.8005
468	84.8407
469	84.8875
470	84.9631
471	85.0067
472	85.0824
473	85.1351
474	85.2059
475	85.2398
476	85.2791
477	85.3142
478	85.3657
479	85.3971
480	85.4227
481	85.4522
482	85.4942
483	85.5515
484	85.6186
485	85.6638
486	85.7123
487	85.7827
488	85.8335
489	85.9076
490	85.9682
491	86.015
492	86.082
493	86.1085
494	86.1553
495	86.2296
496	86.2996
497	86.3344
498	86.3947
499	86.4323
500	86.4727
501	86.5023
502	86.4596
503	86.4301
504	86.377
505	86.3013
506	86.3175
507	86.2327
508	86.2701
509	86.1934
510	86.1105
511	86.1234
512	85.8941
513	85.94
514	85.9723
515	85.978
516	86.0099
517	86.024
518	86.0398
519	86.0657
520	86.064
521	86.0556
522	86.0574
523	86.0773
524	86.0867
525	86.12
526	86.1041
527	86.0867
528	86.0804
529	86.0565
530	85.9975
531	85.8969
532	85.9095
533	85.9127
534	85.9257
535	85.9189
536	85.9211
537	85.9141
538	85.8584
539	85.833
540	85.8556
541	85.8153
542	85.8366
543	85.7793
544	85.7793
545	85.8115
546	85.8362
547	85.8315
548	85.8381
549	85.8607
550	85.9271
551	85.932
552	85.9247
553	85.9599
554	85.9974
555	86.0622
556	86.1195
557	86.151
