frame	x	y	width	height
2	224	135	63	74
3	224	136	63	74
4	226	138	63	74
5	227	139	63	74
6	227	138	63	74
7	226	137	63	74
8	225	135	63	74
9	223	131	63	74
10	223	127	60	70
11	222	120	60	70
12	222	115	60	70
13	215	115	60	70
14	214	113	60	70
15	218	104	60	70
16	226	96	63	74
17	234	89	63	74
18	235	93	63	74
19	236	93	66	77
20	236	99	66	77
21	232	101	69	81
22	233	106	69	81
23	235	113	69	81
24	235	114	69	81
25	235	117	69	81
26	234	120	69	81
27	240	103	69	81
28	243	106	69	81
29	244	107	69	81
30	243	109	73	85
31	243	110	73	85
32	242	116	73	85
33	240	115	73	85
34	239	114	73	85
35	238	111	73	85
36	240	103	77	89
37	245	93	77	89
38	249	91	77	89
39	251	93	73	85
40	253	93	73	85
41	254	95	69	81
42	256	97	69	81
43	257	100	69	81
44	258	107	69	81
45	258	113	69	81
46	258	118	73	85
47	260	124	73	85
48	264	132	73	85
49	269	142	73	85
50	270	150	73	85
51	275	155	73	85
52	275	162	73	85
53	278	160	73	85
54	285	154	73	85
55	288	152	73	85
56	292	149	69	81
57	294	143	69	81
58	291	140	69	81
59	272	117	73	85
60	269	116	69	81
61	265	116	69	81
62	265	118	69	81
63	268	121	69	81
64	269	121	69	81
65	272	124	69	81
66	271	126	69	81
67	271	128	69	81
68	272	129	69	81
69	273	131	66	77
70	274	132	66	77
71	275	134	66	77
72	276	135	66	77
73	278	138	66	77
74	278	139	66	77
75	278	139	66	77
76	279	141	66	77
77	281	140	66	77
78	281	139	66	77
79	282	137	66	77
80	283	129	66	77
81	286	123	66	77
82	284	116	66	77
83	284	109	66	77
84	285	102	66	77
85	285	101	66	77
86	284	101	66	77
87	283	99	66	77
88	284	98	66	77
89	285	97	66	77
90	285	96	69	81
91	287	99	66	77
92	288	103	66	77
93	288	108	66	77
94	289	112	66	77
95	289	115	66	77
96	287	117	69	81
97	287	123	69	81
98	287	127	69	81
99	287	129	69	81
100	286	131	69	81
101	286	132	69	81
102	286	126	69	81
103	284	118	73	85
104	283	111	73	85
105	281	101	73	85
106	280	94	73	85
107	280	88	73	85
108	279	88	73	85
109	279	90	73	85
110	280	93	73	85
111	279	95	73	85
112	279	98	73	85
113	280	100	73	85
114	280	103	73	85
115	280	106	73	85
116	279	109	73	85
117	280	111	73	85
118	280	113	73	85
119	280	116	73	85
120	278	117	77	89
121	278	121	77	89
122	277	126	77	89
123	278	130	77	89
124	279	133	77	89
125	281	131	77	89
126	282	127	77	89
127	283	119	77	89
128	284	111	77	89
129	285	102	77	89
130	285	99	77	89
131	286	99	77	89
132	287	99	77	89
133	287	101	77	89
134	286	104	77	89
135	284	107	77	89
136	283	109	77	89
137	282	112	77	89
138	281	114	77	89
139	280	117	77	89
140	280	120	77	89
141	281	123	77	89
142	281	125	77	89
143	281	126	77	89
144	282	128	77	89
145	285	129	77	89
146	287	129	77	89
147	286	131	77	89
148	285	129	77	89
149	285	126	77	89
150	284	121	77	89
151	284	112	77	89
152	283	102	77	89
153	282	94	77	89
154	284	89	73	85
155	285	85	69	81
156	285	87	69	81
157	285	89	69	81
158	285	90	69	81
159	286	92	69	81
160	285	96	69	81
161	284	103	69	81
162	284	106	69	81
163	281	108	69	81
164	280	111	69	81
165	279	114	69	81
166	279	115	69	81
167	277	117	69	81
168	277	119	69	81
169	277	121	69	81
170	277	124	69	81
171	276	125	69	81
172	276	126	69	81
173	276	124	69	81
174	276	121	69	81
175	277	114	69	81
176	276	107	69	81
177	275	101	69	81
178	275	96	69	81
179	273	92	69	81
180	272	90	69	81
181	272	92	69	81
182	273	94	69	81
183	273	96	69	81
184	273	101	69	81
185	272	106	69	81
186	272	111	69	81
187	272	116	69	81
188	272	122	69	81
189	272	128	69	81
190	273	131	69	81
191	274	134	69	81
192	278	137	69	81
193	283	138	69	81
194	283	139	69	81
195	279	136	73	85
196	277	130	73	85
197	274	124	73	85
198	272	116	73	85
199	270	106	73	85
200	268	94	73	85
201	266	85	73	85
202	265	78	73	85
203	261	74	73	85
204	259	72	73	85
205	257	71	73	85
206	256	72	73	85
207	251	79	73	85
208	245	85	73	85
209	248	88	73	85
210	246	90	77	89
211	244	96	77	89
212	244	100	77	89
213	242	107	77	89
214	242	115	77	89
215	243	122	77	89
216	244	129	77	89
217	246	133	77	89
218	247	136	77	89
219	247	139	73	85
220	247	137	73	85
221	254	129	73	85
222	261	120	73	85
223	261	118	73	85
224	261	116	73	85
225	261	113	73	85
226	262	108	73	85
227	264	100	73	85
228	264	89	77	89
229	266	84	77	89
230	269	78	77	89
231	272	72	77	89
232	275	66	77	89
233	275	63	77	89
234	277	67	73	85
235	278	69	73	85
236	280	72	73	85
237	283	75	73	85
238	283	78	73	85
239	285	83	69	81
240	287	84	69	81
241	288	87	69	81
242	286	95	69	81
243	283	100	69	81
244	280	99	69	81
245	273	97	69	81
246	272	88	69	81
247	271	80	69	81
248	268	75	69	81
249	260	73	69	81
250	254	75	69	81
251	248	75	69	81
252	246	76	69	81
253	244	76	69	81
254	240	77	69	81
255	237	78	73	85
256	233	76	77	89
257	230	78	77	89
258	227	82	77	89
259	223	83	77	89
260	220	84	77	89
261	219	87	77	89
262	216	90	77	89
263	210	97	77	89
264	209	102	77	89
265	208	105	77	89
266	208	104	80	94
267	210	105	80	94
268	213	105	80	94
269	215	100	80	94
270	219	95	80	94
271	221	88	80	94
272	224	81	80	94
273	226	75	80	94
274	228	69	80	94
275	230	66	80	94
276	234	65	80	94
277	241	59	80	94
278	244	60	80	94
279	249	61	80	94
280	254	58	80	94
281	258	63	80	94
282	260	66	80	94
283	261	70	80	94
284	265	77	77	89
285	265	84	77	89
286	266	92	77	89
287	267	101	77	89
288	267	109	77	89
289	267	114	77	89
290	267	119	80	94
291	260	110	80	94
292	253	100	80	94
293	248	87	80	94
294	244	76	80	94
295	238	68	80	94
296	232	61	80	94
297	226	57	80	94
298	220	55	80	94
299	216	55	80	94
300	214	54	80	94
301	212	56	80	94
302	210	57	80	94
303	210	59	80	94
304	208	61	80	94
305	207	64	80	94
306	206	67	80	94
307	203	71	80	94
308	200	75	80	94
309	197	80	80	94
310	195	84	80	94
311	192	91	80	94
312	193	97	80	94
313	192	99	80	94
314	195	99	80	94
315	200	100	84	98
316	200	90	89	103
317	203	81	89	103
318	206	68	89	103
319	205	57	89	103
320	203	50	89	103
321	206	47	89	103
322	209	44	89	103
323	211	43	89	103
324	214	42	89	103
325	216	42	89	103
326	219	41	89	103
327	221	42	89	103
328	224	44	89	103
329	225	47	89	103
330	227	50	89	103
331	228	54	89	103
332	229	58	89	103
333	232	64	89	103
334	234	71	89	103
335	235	76	89	103
336	234	80	89	103
337	233	79	93	109
338	234	78	93	109
339	233	76	93	109
340	232	70	93	109
341	231	64	93	109
342	231	57	93	109
343	231	51	93	109
344	232	47	93	109
345	230	47	93	109
346	231	47	93	109
347	231	48	93	109
348	230	47	98	114
349	230	47	98	114
350	230	48	98	114
351	232	47	98	114
352	229	42	103	120
353	229	42	103	120
354	229	40	103	120
355	230	40	103	120
356	228	40	108	126
357	222	41	113	132
358	222	48	113	132
359	216	57	113	132
360	207	62	113	132
361	206	63	113	132
362	204	67	113	132
363	200	67	113	132
364	198	68	113	132
