frame	x	y	width	height
2	65	66	70	270
3	66	66	70	270
4	67	65	70	270
5	71	73	67	257
6	70	65	70	270
7	75	73	67	257
8	77	72	67	257
9	81	72	67	257
10	84	71	67	257
11	88	71	67	257
12	92	78	63	245
13	95	77	63	245
14	98	77	63	245
15	99	72	67	257
16	101	71	67	257
17	103	71	67	257
18	106	72	67	257
19	108	73	67	257
20	112	72	67	257
21	114	73	67	257
22	117	73	67	257
23	121	73	67	257
24	124	78	63	245
25	127	78	63	245
26	130	76	63	245
27	134	78	63	245
28	135	77	63	245
29	137	76	63	245
30	140	77	63	245
31	142	76	63	245
32	144	76	63	245
33	146	74	63	245
34	150	81	60	233
35	153	80	60	233
36	157	80	60	233
37	158	80	60	233
38	160	79	60	233
39	163	79	60	233
40	165	79	60	233
41	168	84	58	222
42	170	84	58	222
43	172	83	58	222
44	175	83	58	222
45	177	84	58	222
46	180	86	58	222
47	180	85	58	222
48	182	84	58	222
49	184	82	58	222
50	186	82	58	222
51	188	82	58	222
52	190	82	58	222
53	190	78	60	233
54	191	77	60	233
55	193	76	60	233
56	196	82	58	222
57	197	82	58	222
58	199	83	58	222
59	201	82	58	222
60	203	83	58	222
61	206	82	58	222
62	208	81	58	222
63	208	80	58	222
64	209	80	58	222
65	211	80	58	222
66	213	81	58	222
67	214	80	58	222
68	216	80	58	222
69	219	85	55	212
70	222	90	52	201
71	223	91	52	201
72	224	90	52	201
73	225	90	52	201
74	225	86	55	212
75	228	90	52	201
76	229	90	52	201
77	230	89	52	201
78	230	84	55	212
79	232	89	52	201
80	234	89	52	201
81	235	90	52	201
82	238	93	50	192
83	239	93	50	192
84	241	93	50	192
85	241	92	50	192
86	242	91	50	192
87	243	92	50	192
88	245	92	50	192
89	246	92	50	192
90	247	91	50	192
91	248	91	50	192
92	249	91	50	192
93	250	92	50	192
94	251	92	50	192
95	252	92	50	192
96	253	92	50	192
97	256	97	47	183
98	257	97	47	183
99	258	96	47	183
100	259	96	47	183
101	260	94	47	183
102	261	94	47	183
103	261	95	47	183
104	262	95	47	183
105	263	96	47	183
106	265	97	47	183
107	266	96	47	183
108	267	96	47	183
109	268	97	47	183
110	269	96	47	183
111	270	96	47	183
112	272	95	47	183
113	273	95	47	183
114	273	95	47	183
115	274	94	47	183
116	275	94	47	183
117	275	94	47	183
118	276	93	47	183
119	276	92	47	183
120	276	91	47	183
121	275	90	47	183
122	277	95	45	174
123	277	95	45	174
124	277	94	45	174
125	277	93	45	174
126	278	98	43	166
127	278	98	43	166
128	277	97	43	166
129	277	98	43	166
130	277	98	43	166
131	277	97	43	166
132	278	96	43	166
133	278	95	43	166
134	279	96	43	166
135	280	96	43	166
136	281	97	43	166
137	281	97	43	166
138	282	97	43	166
139	283	96	43	166
140	285	99	41	158
141	285	99	41	158
142	286	99	41	158
143	286	98	41	158
144	287	98	41	158
145	288	98	41	158
146	289	97	41	158
147	289	98	41	158
148	290	98	41	158
149	291	98	41	158
150	293	102	39	150
151	294	102	39	150
152	295	99	41	158
153	296	98	41	158
154	297	98	41	158
155	298	98	41	158
156	298	98	41	158
157	300	102	39	150
158	301	102	39	150
159	302	102	39	150
160	303	106	37	143
161	304	106	37	143
162	304	105	37	143
163	305	105	37	143
164	305	104	37	143
165	305	104	37	143
166	305	104	37	143
167	306	104	37	143
168	306	103	37	143
169	307	107	35	136
170	308	107	35	136
171	308	107	35	136
172	308	107	35	136
173	308	103	37	143
174	308	103	37	143
175	309	102	37	143
176	310	102	37	143
177	311	102	37	143
178	311	102	37	143
179	312	101	37	143
180	313	104	35	136
181	313	104	35	136
182	314	104	35	136
183	315	104	35	136
184	316	104	35	136
185	317	104	35	136
186	317	104	35	136
187	318	104	35	136
188	319	104	35	136
189	319	104	35	136
190	319	103	35	136
191	320	104	35	136
192	321	103	35	136
193	321	104	35	136
194	322	104	35	136
195	323	104	35	136
196	323	104	35	136
197	324	103	35	136
198	325	103	35	136
199	325	103	35	136
200	326	102	35	136
201	326	103	35	136
202	327	103	35	136
203	327	103	35	136
204	329	106	34	130
205	329	106	34	130
206	330	106	34	130
207	330	106	34	130
208	331	106	34	130
209	331	106	34	130
210	332	105	34	130
211	332	105	34	130
212	332	105	34	130
213	332	104	34	130
214	333	104	34	130
215	333	104	34	130
216	333	104	34	130
217	333	104	34	130
218	334	103	34	130
219	334	103	34	130
220	334	103	34	130
221	334	103	34	130
222	335	102	34	130
223	335	102	34	130
224	335	102	34	130
225	335	102	34	130
226	336	105	32	124
227	336	106	32	124
228	336	106	32	124
229	336	105	32	124
230	336	105	32	124
231	337	108	31	118
232	338	107	31	118
233	338	107	31	118
234	338	107	31	118
235	338	108	31	118
236	339	108	31	118
237	339	108	31	118
238	339	108	31	118
239	339	108	31	118
240	339	108	31	118
241	339	107	31	118
242	339	107	31	118
243	339	107	31	118
244	339	107	31	118
245	339	107	31	118
246	339	107	31	118
247	339	108	31	118
248	339	107	31	118
249	339	108	31	118
250	340	107	31	118
251	340	108	31	118
252	340	107	31	118
253	340	107	31	118
254	340	107	31	118
255	340	108	31	118
256	340	108	31	118
257	340	108	31	118
258	340	108	31	118
259	340	107	31	118
260	340	107	31	118
261	341	110	29	112
262	341	110	29	112
263	340	111	29	112
264	341	111	29	112
265	341	111	29	112
266	341	111	29	112
267	341	110	29	112
268	341	110	29	112
269	342	113	28	107
270	342	113	28	107
271	342	113	28	107
272	342	113	28	107
273	342	112	28	107
274	342	111	28	107
275	342	112	28	107
276	342	112	28	107
277	342	111	28	107
278	343	111	28	107
279	343	111	28	107
280	343	111	28	107
281	343	111	28	107
282	344	114	26	102
283	344	114	26	102
284	344	114	26	102
285	345	114	26	102
286	345	113	26	102
287	345	113	26	102
288	345	113	26	102
289	345	113	26	102
290	345	113	26	102
291	345	113	26	102
292	345	112	26	102
293	346	112	26	102
294	346	112	26	102
295	346	113	26	102
296	346	112	26	102
297	346	112	26	102
298	347	115	25	97
299	347	115	25	97
300	347	115	25	97
301	347	115	25	97
302	347	115	25	97
303	347	115	25	97
304	347	115	25	97
305	348	115	25	97
306	347	115	25	97
307	347	115	25	97
308	347	115	25	97
309	348	116	24	92
310	348	116	24	92
311	348	116	24	92
312	348	116	24	92
313	348	116	24	92
314	347	116	24	92
315	347	116	24	92
316	347	116	24	92
317	347	115	24	92
318	347	115	24	92
319	347	115	24	92
320	347	115	24	92
321	347	115	24	92
322	347	115	24	92
323	347	115	24	92
324	347	115	24	92
325	347	115	24	92
326	347	115	24	92
327	347	115	24	92
328	347	115	24	92
329	347	115	24	92
330	347	115	24	92
331	346	114	24	92
332	346	114	24	92
333	346	114	24	92
334	346	114	24	92
335	346	114	24	92
336	346	114	24	92
337	346	114	24	92
338	346	114	24	92
339	346	114	24	92
340	346	114	24	92
341	346	114	24	92
342	346	114	24	92
343	346	114	24	92
344	347	114	24	92
345	347	114	24	92
346	347	114	24	92
347	347	114	24	92
348	348	116	23	88
349	348	117	23	88
350	347	117	23	88
