frame	x	y	width	height
1	286	252	43	45
2	280	248	51	53
3	282	248	47	56
4	284	249	47	54
5	285	250	48	52
6	283	250	50	54
7	283	251	48	52
8	283	253	46	51
9	282	258	47	50
10	284	263	44	48
11	279	265	45	46
12	276	257	48	54
13	275	259	51	56
14	278	267	49	51
15	272	264	52	56
16	273	267	50	52
17	276	266	49	55
18	275	267	51	53
19	279	274	39	41
20	273	271	51	54
21	277	271	49	53
22	277	272	46	44
23	279	275	42	42
24	272	265	54	57
25	275	269	47	54
26	279	271	38	45
27	273	266	53	56
28	275	268	48	54
29	275	272	50	55
30	275	272	46	48
31	271	269	50	54
32	273	275	47	55
33	273	277	44	51
34	269	274	48	52
35	271	272	48	56
36	272	273	47	51
37	275	278	45	47
38	274	279	43	46
39	274	272	46	50
40	273	276	47	50
41	277	278	40	43
42	275	269	50	59
43	273	271	46	53
44	272	272	48	52
45	270	267	51	56
46	270	268	50	56
47	269	264	50	56
48	267	268	49	56
49	268	266	47	52
50	267	267	51	55
51	266	266	52	56
52	269	269	47	52
53	271	274	42	41
54	266	270	51	52
55	263	266	55	62
56	264	264	51	61
57	263	267	51	53
58	263	272	50	48
59	264	267	50	57
60	259	266	55	60
61	262	268	51	55
62	262	273	45	45
63	256	274	45	44
64	253	268	51	56
65	253	266	55	61
66	255	274	48	50
67	248	268	62	65
68	246	268	56	59
69	243	267	61	65
70	243	266	54	61
71	239	267	56	59
72	241	268	54	59
73	241	268	50	57
74	239	269	52	57
75	239	267	51	60
76	236	264	52	57
77	237	268	54	59
78	238	265	52	58
79	240	267	53	59
80	250	278	41	46
81	242	268	55	59
82	243	271	52	55
83	244	269	54	58
84	246	268	53	58
85	246	270	55	57
86	247	272	54	57
87	242	266	57	61
88	245	270	53	60
89	250	275	44	47
90	245	270	49	56
91	244	272	51	56
92	243	267	54	57
93	242	270	52	55
94	239	267	53	59
95	241	271	52	58
96	240	266	53	61
97	237	263	54	63
98	239	268	45	48
99	234	257	55	65
100	235	271	44	52
101	239	272	41	48
102	252	296	38	43
103	269	311	38	42
104	283	319	39	43
105	307	328	34	44
106	331	339	40	47
107	354	341	37	46
108	362	338	34	41
109	361	336	35	44
110	364	335	40	45
111	368	330	38	46
112	370	319	38	47
113	375	321	38	47
114	378	320	35	48
115	371	318	40	47
116	370	321	37	48
117	370	322	37	47
118	368	323	40	48
119	366	324	35	47
120	362	325	38	47
121	362	327	37	49
122	361	329	41	47
123	356	329	37	44
124	353	328	38	47
125	349	324	36	45
126	338	318	36	48
127	335	316	37	46
128	336	321	35	47
129	338	322	37	46
130	335	323	39	46
131	333	317	36	47
132	331	314	40	53
133	329	316	42	51
134	334	318	34	42
135	326	311	44	52
136	322	300	48	57
137	318	301	46	54
138	319	302	43	57
139	313	308	49	55
140	304	315	46	51
141	301	314	48	54
142	299	312	52	59
143	303	313	48	57
144	305	317	40	50
145	304	316	46	52
146	306	311	44	51
147	307	306	42	49
148	309	300	45	53
149	307	301	43	48
150	310	294	42	44
151	311	289	49	53
152	312	289	48	57
153	310	289	52	55
154	315	291	45	51
155	313	291	49	52
156	312	287	47	56
157	313	281	58	60
158	316	282	50	53
159	322	281	44	52
160	322	282	44	48
161	320	280	47	54
162	328	279	42	42
163	322	269	53	58
164	324	271	42	50
165	322	271	45	52
166	324	270	42	52
167	325	267	45	55
168	322	263	53	60
169	327	268	44	46
170	327	264	48	55
171	329	264	48	54
172	329	266	46	51
173	329	267	48	54
174	327	265	56	59
175	331	265	47	57
176	332	268	41	43
177	333	267	41	45
178	332	264	41	43
179	329	257	45	51
180	330	250	49	51
181	332	246	46	53
182	332	246	49	58
183	333	241	50	59
184	336	238	52	58
185	339	242	47	50
186	341	241	50	54
187	352	250	36	43
188	345	238	52	58
189	349	239	48	53
190	351	242	46	53
191	351	245	47	52
192	350	240	47	56
193	349	236	52	59
194	351	241	52	60
195	352	242	50	54
196	353	238	54	59
197	357	242	48	52
198	357	238	50	56
199	357	236	55	59
200	359	241	46	53
201	358	236	53	57
202	362	241	46	50
203	359	237	48	57
204	367	239	38	42
205	361	229	49	63
206	357	224	56	64
207	366	237	39	46
208	367	239	42	50
209	361	238	49	54
210	357	240	51	56
211	359	248	44	50
212	357	245	47	54
213	357	248	38	50
214	354	248	41	52
215	350	244	45	52
216	355	246	34	45
217	353	237	45	52
218	353	239	40	49
219	346	241	48	52
220	343	241	50	57
221	342	239	46	55
222	338	237	47	54
223	337	240	47	53
224	334	234	48	55
225	334	236	47	56
226	334	235	44	54
227	335	236	42	54
228	332	236	46	56
229	336	234	40	53
230	337	233	38	48
231	336	228	43	51
232	337	223	44	59
233	338	229	42	52
234	334	226	46	57
235	340	223	41	51
236	337	222	46	58
237	337	227	47	52
238	338	222	46	53
239	339	225	45	50
240	336	221	46	57
241	342	224	42	50
242	339	222	45	50
243	340	218	44	53
244	342	213	42	53
245	341	216	45	52
246	343	214	43	51
247	343	214	41	48
248	343	212	41	50
249	341	211	44	52
250	339	211	47	54
251	340	206	48	59
252	340	212	48	56
253	345	207	43	55
254	340	209	49	60
255	343	206	47	55
256	344	209	46	57
257	339	208	55	60
258	352	210	46	56
259	352	214	44	55
260	351	215	48	56
261	353	228	42	49
262	352	228	40	51
263	347	235	47	51
264	344	233	43	52
265	349	238	30	42
266	345	236	39	46
267	343	235	44	55
268	345	237	41	50
269	344	232	43	57
270	341	234	41	56
271	341	232	46	54
272	341	235	43	51
273	343	236	47	52
274	348	238	38	39
275	348	236	41	44
276	348	237	42	47
277	345	226	49	60
278	345	229	46	53
279	347	224	46	54
280	348	232	44	49
281	348	235	45	51
282	345	228	51	58
283	356	236	36	35
284	360	236	32	38
285	352	228	49	53
286	354	228	49	53
287	354	233	50	53
288	361	242	37	38
289	358	241	46	45
290	359	235	46	49
291	360	236	47	51
292	359	238	47	51
293	361	238	48	52
294	364	238	49	52
295	367	238	49	52
296	369	238	50	52
297	370	236	50	52
298	372	234	50	52
299	373	233	50	53
300	374	231	50	53
301	377	234	45	47
302	380	232	44	47
303	376	229	52	55
304	378	232	48	51
305	379	230	48	55
306	383	237	42	48
307	380	230	46	51
308	386	235	39	40
309	380	226	49	51
310	381	225	45	51
311	382	229	42	47
312	381	231	43	46
313	377	230	49	51
314	373	228	51	54
315	377	232	47	49
316	376	229	52	53
317	381	231	44	51
318	378	231	45	46
319	382	236	39	45
320	380	231	43	48
321	380	231	45	50
322	380	226	42	49
323	381	231	45	50
324	380	225	46	49
325	385	234	32	44
326	383	228	40	40
327	381	225	45	50
328	385	230	39	39
329	364	231	47	52
330	362	238	42	41
331	355	234	49	47
332	353	231	50	48
333	358	236	42	41
334	354	228	54	60
335	355	243	42	42
336	358	242	37	38
337	359	239	38	40
338	354	236	42	41
339	364	240	31	35
340	358	238	36	31
341	354	229	44	48
